Variacion_del_tipo_de_cambio
-0.000748333
0.000195363
-0.001106843
-0.000358493
-0.000391224
-0.000945827
-0.000652912
0.000326669
0.004506564
-0.000942783
-0.001757183
-0.000162989
-0.00032603
0.000130455
-0.000195656
-0.000195695
-0.000358844
-0.00058741
-9.79592E-05
3.26563E-05
-3.26552E-05
0.00427797
9.75515E-05
0.000130056
-0.000390117
0.000845583
0.002047183
0.000129714
-0.004247592
0.000944318
0.00133381
-0.000877193
-0.000292654
-0.001593807
-0.000977358
-6.52209E-05
-3.26126E-05
0.000195682
-0.000228251
-0.00061968
0.00013054
0.001076813
-0.000717103
-0.000848093
-0.00019588
-0.000261224
0.00388673
0.001789433
-0.00337761
-0.000912438
3.26168E-05
0.000815395
-0.000391071
-0.000554233
-0.00035882
9.78953E-05
-9.78857E-05
0.000946321
-0.000978027
-0.000358961
0.000228512
-0.000195822
-0.000424365
-9.7972E-05
-0.000326605
0.000424726
-0.000359231
0.00035936
-0.000391888
-3.26701E-05
0
3.26712E-05
6.53403E-05
0.000457352
-0.000620408
9.802E-05
-3.26701E-05
0.000130685
0
-0.000130668
6.53424E-05
0.000392029
-0.000424531
0.000294031
0.001992292
0.00192314
-0.001626651
0.00016293
0.000423549
0.002898456
0.00347459
-0.002168144
-0.004929463
-0.002053254
-0.000359242
0
0
0
-3.26701E-05
0.001568217
0.001272182
-0.001237987
-0.001043807
0.000816327
0.000652529
-0.001108575
0.001142447
0.005118842
0.000908265
-0.003176044
0.000227583
0.000812612
0.000129912
-0.000259791
0.000974469
0.002239097
0.00372349
0.003483871
-0.00450045
-0.003390597
0.000712828
0.006767039
-0.00176883
-0.00209414
0.001614257
0.000838061
0.000193237
-0.000837197
-0.000128908
0.001708245
0.001769684
0.001092054
-0.000577515
-0.00141252
0.00225037
0.000288684
-0.0001924
-0.001539498
0.000481835
0.000963206
-0.000224532
0.00070583
0
6.41211E-05
0.000544994
0.00032041
-0.000544523
-0.001121687
0.001540041
0.000192209
9.60861E-05
0
0
0.000128102
3.20215E-05
-0.000192123
-0.000640533
-0.000801179
0.000128291
-0.000545169
0.000128345
-0.002277831
0.002604585
-0.000769724
0.000577738
0.00032078
-0.00028861
-0.000834002
0.000545764
-0.000320862
-0.000994993
-0.000385542
-0.000417832
0.001254019
0.00070651
-0.000641828
-0.000899136
0.00035355
-0.000963886
-0.000739693
0.000418397
-0.002026766
-3.22362E-05
-0.001160542
-0.003324296
-0.003950649
-0.000845281
0.001138841
0.003282631
0.000226765
-0.000744915
-0.001264059
0.000713961
0.000616163
-0.001458435
-0.000681597
0.000682062
0
-0.001460565
-0.001625223
-0.000683705
0.000162898
-0.000586338
-0.001401519
-6.52784E-05
-0.000195848
0.004505387
0.005850234
-0.000226186
-0.000484794
-0.000323353
-0.001681977
0.000648004
0.007350084
0.003117868
-0.005383235
0.000998711
0.002896592
-0.000962742
-0.001317015
0.000643294
0.00112504
-0.000481618
0.000224863
-0.00057809
0.001028311
-0.000417322
0.002601323
0.00451648
-0.000510204
-0.000127616
0.002839821
-0.002354513
-0.002232499
-0.001054819
-0.001983873
-0.000288554
0.005868959
-0.001370999
-0.00038313
-0.001692804
6.39877E-05
0.000415894
-0.000575613
-0.0020798
0.00195588
-0.001664053
-0.001570664
0.000256838
-0.00083451
0.002088018
-0.000865523
-0.000577515
-0.000224719
0.001637607
-3.20574E-05
-0.001763216
0.000674417
-0.000320935
-0.00025683
0.000931248
-0.000320821
-0.000673941
0.000610167
0.000577701
-0.001411342
-0.000128485
-0.00035338
0.000642735
0.001027716
0.006512881
-0.000637511
-0.004720592
3.20472E-05
-0.0008332
0.002116809
-0.001600256
-0.001955442
0.000642385
0.002439494
-0.00067243
-0.00124964
0.000320821
-0.001796023
-0.001959902
0.001448669
0.00196091
-0.002342071
0.001093388
0
-0.000867331
-0.00025721
-0.000418074
-0.000997362
0
-0.000225436
0
-0.001771679
-0.001613476
0.002941272
0.003544956
-0.003885678
-0.000644766
0.000580664
-0.000161202
-0.000999613
-0.000129111
-6.4564E-05
0.001097659
-0.001354445
0.001065651
-0.000741935
0.000290538
-0.001387723
0.000226222
-0.000323102
-3.23206E-05
-3.23217E-05
0.001163618
0.000419707
-0.001549037
0
0.000290895
0.000420059
0.001582636
0.000354724
0.003513749
0.001413428
0.000737794
-3.20544E-05
-0.000448775
0.000577256
-0.000320513
-0.000673293
-0.001443742
0.001542218
-0.000737842
-0.000963113
-0.000160674
-0.002089092
-0.002351122
-0.001259039
0
9.69713E-05
-9.69619E-05
0
9.69713E-05
0.001454428
-0.000742295
0.001453394
-0.000580514
-0.001581206
0
-0.000129282
-3.23248E-05
-3.23258E-05
9.69807E-05
0.000290914
0.000969431
-0.000484246
0.001970221
0.004190574
-0.000417309
-0.001926844
0.005373403
0.00265634
0.000191516
-0.000829743
0.001469226
-0.002041142
0.000607203
-0.000670712
-0.000607242
-0.003229933
-0.001187077
-0.00073879
-0.00038574
0.002411808
0.002245605
0.001664426
-0.002140985
-9.60707E-05
-0.001088906
0.002372555
-0.001439355
0.000992985
3.2E-05
0.000159995
0.002079601
-0.001660228
0.000415747
-0.002301643
0.000384492
-0.001793607
0.001058846
-0.000897465
-6.41622E-05
-0.000962495
0.00086708
-0.000288776
9.62865E-05
0.001123235
0.000544959
-0.000833013
-0.000192394
0.003592046
-0.002173079
0
0
0.00038432
0.000800359
-0.000479831
0.001536197
-0.00031955
-0.001566296
0.000224108
6.40164E-05
0.000352068
-0.000447928
-0.000352101
-3.20205E-05
0.000704473
-0.001311958
-3.2041E-05
-0.000640841
0.000480939
-0.000801179
-0.000545239
-0.00176497
-0.000321471
0.001672187
-0.000385245
-0.001188297
0.000321543
-0.00032144
0.002090032
-0.002759506
0.000997458
-0.000192864
0.000482253
0.000385617
-0.000224856
-0.000385555
-9.64258E-05
-0.000160725
0.000417953
0.00089983
-9.63236E-05
0
-0.000160555
6.42323E-05
0
-0.00070651
0.000417778
-0.00019274
9.63886E-05
-0.000257012
0
-0.000321347
-3.2145E-05
-0.000482191
-0.000643232
0.000868922
0.002025723
-0.001251484
-0.000321295
0.002731889
-0.000673098
0
3.20739E-05
-0.000513166
-0.001026859
0.000546079
-0.000192629
0.000449554
6.41931E-05
-0.000706079
-0.00022482
0.000192746
0.000160591
-0.000545922
6.42612E-05
-0.000321285
0.000160694
0.000160668
0.000321285
0
0.001316846
0.003752887
-0.001086505
0.007101955
-0.000158826
0.00139789
0
0.029505076
-0.001540832
-0.007314815
0.005036844
-0.006187162
-0.008560311
-0.007598116
-0.015628955
0.001092756
-0.004430461
-0.000225734
0.000580589
0.004738725
-0.00137962
-0.001927711
-0.000740383
-0.000257715
9.66682E-05
-3.22196E-05
0.00051553
-0.00016102
0
0.000901858
0.00302494
-0.001251243
-0.00038548
-0.001703194
-0.000386287
6.4406E-05
0.001899855
-9.64196E-05
0.001414291
-0.001444391
-0.001639344
-9.65904E-05
9.65997E-05
0.001287871
-0.00090035
0.000128737
0.001737731
-0.002216583
-9.65873E-05
0
0.002994494
-0.001669342
-0.000128626
-0.001061298
0.000869257
-0.000868502
-9.65841E-05
-6.43956E-05
0.0001288
-0.000160979
3.22009E-05
6.43998E-05
0.000193187
-3.21916E-05
-0.000128771
-0.000160984
-0.000128808
9.66184E-05
9.6609E-05
0
0
6.43998E-05
-9.65935E-05
-0.000161005
0
0.000161031
-0.000161005
0.000161031
-6.44019E-05
0.000128812
0.000128795
0.001577541
0.002217936
0.028737291
0.001184723
-0.005605207
0.000344471
0.022508139
-0.004592352
-0.004859595
0.005099675
0.001383764
0.017964072
-0.007903469
0.004165653
-0.005329296
0.007823678
-0.002205038
0.000302728
0.006204037
0.002346006
0.000810178
0.006985878
0.000357292
-0.00291684
0.003164179
0.000595132
0.000118956
-0.00044603
0.000446229
0.000356824
0.000356697
8.91424E-05
8.91345E-05
0.000178253
0.000118814
0.0003564
0.000118758
0.000118744
0.00011873
-0.000445183
-0.017993408
-0.002811961
-0.009308672
0.002754568
-0.000457834
0
0.012122878
-0.002775683
0.005143255
0.005207236
-0.006976883
0.000301541
0.00458204
-0.000810203
0.000630669
-0.000870374
0.000570742
-0.002671951
-0.00602047
0.000151423
-0.00320969
0.005285701
0.001661983
-9.05032E-05
0.003952331
-0.001863205
0.001655928
-0.000480928
-0.000300725
0.003218723
0.008995502
-0.003417533
0.001580438
0.000744313
0.005087317
-0.001479991
-0.001808265
5.93948E-05
0
0.000831477
0.001186838
0.001392881
0.001923646
0.001417811
0.000442439
0
-0.001562592
0.002155618
0.000206258
0.001325674
0.000117682
0.000117668
0.000117654
0.00011764
0.000352879
0.000117585
0.000117571
-2.93893E-05
-0.000146951
-0.000646678
0.000382375
0.001205492
0.000117467
0.000117454
0.000352319
0.000176098
-0.001731322
-0.000382139
0
-0.000499912
-0.005884257
-0.001065435
0.000829556
0.001420917
0.001211978
0.000354296
0.004368101
-0.001469292
0.000470865
0.001529592
0.000881109
-0.006837256
-0.002245531
-0.005211881
-0.006995505
0.002098447
0.00379921
0.003457011
0.004603368
-0.000946018
0.000621412
0.002602395
0.00014748
-0.003833904
0.003493398
0.004248289
-0.001674501
0.000912221
0.003204563
0.000322363
0.00190426
-0.000906459
-0.000673144
-0.00196222
-0.000293444
-0.001115416
0.001704378
-0.005368458
-0.005072998
0.005187798
0.003892887
-0.001762632
8.82872E-05
2.94265E-05
0.004678672
-0.000439329
0.000908345
0.000468398
-0.000438917
0.001141686
-0.000847978
-0.000995025
0.001259667
0.001053278
2.92269E-05
-0.00321487
0.001964464
5.85257E-05
0.000702268
0.002543934
-0.000874993
0.001284447
0.001749271
0.000611176
-0.000901661
-0.001572052
-0.000670632
-0.00093368
0.001285009
0.004054251
0.000319545
0.002265137
0.00037667
0.000115855
0.000115841
0.000115828
-0.00240315
0.000522421
-0.000986279
0.001190511
2.90023E-05
0.000493025
-0.002550873
-0.000697472
-0.000203571
0.001134413
0.001481783
0.001450579
-0.000231756
0.000666454
0.001476805
-0.001214399
0.001823814
0.000838005
0.000779558
0.137066528
0.014132393
0.222792094
-0.030690537
0.07651715
0.129901961
-0.075921909
-0.072300469
0.011133603
0.055055055
0.043643264
0.005454545
-0.025316456
0.038033395
-0.035746202
0.071362373
-0.003892734
-0.012158055
-0.051428571
0.017608897
-0.033242259
-0.004710316
0.0615239
0.017387428
0.011831727
0.006063231
-0.018510547
-0.001754386
0.000878735
0.141352063
-0.092307692
-0.065677966
-0.010430839
-0.014207149
-0.0023245
-0.000465983
0
0.042424242
0.008497317
-0.003991131
0.027159394
0.039011704
0.017939091
-0.063114754
-0.03368329
-0.009506564
0.087751371
-0.046218487
0.028634361
0.04111349
-0.011929247
-0.004579517
-0.00250941
0.018448637
0.092630712
0.036171816
-0.007636364
0.112128985
-0.147611203
0.000386548
0.015455951
0.061263318
0.033703837
-0.017343045
0.000705965
0.027160494
-0.032623626
-0.023784168
-0.021454545
0.014864363
-0.001464665
-0.00550055
0.009955752
-0.006571742
-0.031488423
-0.01567931
-0.016067849
-0.013713014
-0.000254239
0.001843699
-0.002633541
-0.002131484
-0.004511182
-0.016941553
-0.014806489
-0.004811269
-0.01398857
-0.007868576
-0.017543264
0.019585134
0.026007494
-0.015698068
-0.014689341
0.001124514
-0.005803465
0.00797713
0.011752119
-0.008258498
0.005500736
0.005622138
-0.004184661
-0.003647549
-0.001265289
-0.000422297
0.000287283
0.012805785
0.006672227
0.003314002
0.017060281
0.003117744
0.013354917
-0.012651757
0.00580831
-0.002412856
-0.009819888
-0.004885357
0.008329515
0.011360501
0.008151869
-0.000525269
-0.015670786
0.007555656
-0.006551586
-0.000953659
0.003235827
0.008208618
0.005598477
-0.007030716
0.001201442
0.0008
0.002669864
0.00597924
-0.007465289
-0.000207598
-0.002922949
0.00413296
-0.000797664
-0.004183098
-0.01155986
-0.009326845
0.002194024
-0.003888317
-0.011284053
0.002770267
-0.009164599
0.008631628
0.006290037
0.012994917
-0.009742949
0.001164259
0.007305009
-0.004878049
-0.005196078
0.002792287
0.001474153
0.002518727
-0.002496085
0.001880837
0.004423912
-0.003884347
0.002790015
-0.001236557
0.001107762
-0.000862448
0.000423453
0.00193729
0.002079779
0.002869976
0.012950687
-0.005953616
-0.0020553
0.014481094
0.00185567
0.002770434
-0.001515582
-0.002087089
-0.004975124
-0.000589172
-0.004939216
-0.001857397
0.004908802
-0.001197261
0.002972766
0.002103452
-0.000572464
-0.001702466
0.000525955
-0.000414171
0.001992032
0.002862823
0.003837919
-0.002669953
0.008823343
0.003658632
-0.000625802
0.004962585
-0.002383363
-0.003029262
0.007737126
0.023950141
-0.006951717
0
-0.000320978
0.00515259
0.036385209
-0.009774999
-0.006299376
0.006533218
0.000296384
0.0016
-0.008075967
-0.002296382
-0.003183476
0.00508284
0.008562819
0.00591646
0.053802494
0.000697671
-0.033116276
0.030702893
0.035846707
0.038050599
-0.043812622
0.022916865
0.040350154
0.040703325
-0.058157109
0.027071102
0.028262941
-0.024088944
-0.012658228
-0.006307692
-0.005689735
0.002270751
-0.011548121
0.008081205
-0.002390635
-0.003464309
-0.022766183
0.00925443
0.003975247
0.005279343
0.007102814
6.51822E-05
0.004823172
0.010598965
-0.00508344
0.005754542
0.003104554
-0.00634336
-0.001390033
-0.010040212
-0.017042274
0.004741722
-0.001977379
-0.002311513
0.011809408
0.00545633
0.007209599
-0.005659207
-0.017697965
0.001375734
-0.000330251
-0.003792534
-0.008078209
0.00546945
0.0003325
-0.007099836
0.007592496
0.000106318
-0.002046403
-0.005765646
-0.004968728
-0.015788199
0.00663266
0.008246386
-0.004689079
0.006525241
-0.005931485
-0.00282784
0.006960746
-0.000565946
0.00095726
0.007812395
-0.00028067
0.000842246
0.00088161
0.004671089
0.005433122
-0.005152732
-0.003851364
0.005839377
0.000159054
0.004333537
-0.00533087
0.00127353
-0.001934364
0.003185939
-0.002395099
0.002427378
0.009566909
-0.005308273
-0.001897458
0.001531414
0.001173167
-0.003146724
0.002377399
0.004532697
-0.002518462
-0.001998816
-0.003649875
0.001930808
-0.002653045
-0.004221755
0.002525185
0.002227171
-0.001534392
-0.000622649
0.000556756
0.00062269
-0.001999311
-0.003290216
-0.000226283
0.00094528
0.007235871
-0.004740839
-0.00551973
0.000533689
6.66756E-05
-0.003453564
-0.005633162
-0.000524793
0.001804082
-0.004797742
-0.003740564
0.005408263
0.002089653
-0.007211086
0.003360707
0.00653683
-0.000858761
0.003088824
0.000763134
0.007143908
-0.002165163
-0.003887114
-0.000882023
-0.003919103
-0.000469994
-0.004823065
0.005291934
-0.003867485
-0.002156945
0.001418555
-0.002482327
-0.001068434
-0.00051448
0.002235076
-0.002000324
0.000135428
0.003317536
0.003670963
-0.002138045
0.007263368
-0.005806253
0.004548329
0.004902814
0.003479211
-0.001713648
0.015422694
-0.007404204
0.007921524
-0.005344301
-0.001211563
-0.003836874
-0.003759
0.003162034
0.003138823
0.008040347
-0.003601739
0.000407482
0.002824933
-0.006669025
0.005289261
-0.00489405
0.00109438
0.00221271
0.002956908
0.004848135
-0.003977154
-0.002618384
0.003229067
-0.000510278
0.000824715
0.001595752
-0.000509305
-0.001084457
-0.00372778
0.001641109
-0.002818083
0.000512632
-0.002811461
0.000737784
0.002317039
-0.005542786
0.002377399
-0.002424466
-0.004411629
0.001711443
-0.00217207
-0.002933369
0.003061809
-0.002349069
-0.000877986
-0.002782734
-0.000387198
0.00279158
-0.003836062
0.000869112
-0.00101531
0.001069833
-0.001349221
0.000976497
0.002539089
0.001906158
-0.003099929
0.003670092
0.008323915
-0.004496842
0.004477414
-0.00274305
0.00497223
-0.003000158
-0.004513779
-0.000543579
0.002347947
-0.001918954
-0.003686172
-0.001117928
-0.001971887
0.001935734
0.004356979
0.005956566
-0.006119112
-0.00062364
0.000756801
0.000119405
0.00180412
-0.002674824
-0.001779147
0.001582805
-0.000385116
0.00010628
0.001580744
0.004522546
0.004858663
0.002049692
0.008627811
0.007137007
0.006169971
-0.002873637
-0.005390732
0.000957223
0.003153229
0.011297907
-0.002611398
0.016003167
-0.008120679
0.003396532
0.008980448
0.007448393
-0.010251249
-0.005159881
-0.004063502
0.003737962
0.003938648
-0.006563809
0.000151889
0.00174646
0.000758006
-0.000416588
-0.00204592
0.000822577
-0.001390909
-0.000189934
-0.003292806
0.00501906
-0.004361843
-0.000634921
0.002007624
0.000913034
-2.53389E-05
-0.001786438
-0.002043484
0.003294076
0.004753755
-0.002876609
-0.003909809
0
0.003734614
0.003227154
-0.006320012
0.000495106
-0.001725669
-0.003139538
-0.001058309
-0.00024252
0.001493776
0.000854134
0.000611395
0.001858523
0.004116743
-0.004593367
-0.001983118
-0.001694095
-0.002564593
0.000434927
0.00510178
-0.006131769
-0.001536
0.001025575
0.001754498
0.000677559
-0.002465666
-0.000627545
-0.001114913
-0.00042337
0.00374777
0.001368199
-0.00204311
0.003083734
0.0002041
-0.002448698
-0.000434688
0.00177788
-0.000510712
-0.002989193
-0.000768758
-0.000782172
0.000526133
-0.000897804
-0.001514801
-0.001131396
0.004093086
-0.001576721
-0.005482301
0.002026853
-0.001481634
0.000696756
0.003713446
0.006602949
0.017636999
0.004727866
-0.004743063
0.008791402
-0.00430145
0.000749138
-0.007011678
0.002387235
-0.002118325
0.004722965
-0.002475402
0.00164183
-0.005355355
-0.00325819
0.002196055
-0.005654413
-0.000671243
0.002800836
0.002363319
-0.002471222
0.001655776
0.005955986
-0.00160562
-0.006671525
-0.002656177
0.000786293
0.003041324
0.000871729
-0.001994395
-0.002365173
0.001280475
-0.001595381
-0.001445746
0.000444512
-0.000888629
0.00101648
-0.003020956
0.004736139
0.004435039
0.006005021
-0.002809024
-0.005105698
-0.004196529
0.005356622
0.000631289
-0.002839009
0.002720555
-0.002246255
-0.001770695
0.001343047
-0.00112614
-0.00010134
-0.000709453
-0.002827151
0.000432267
0.000533747
0.004166085
0.002580351
-0.002245688
-3.79339E-05
0.001074834
0.000202104
-0.000820883
0.002085493
0.002509996
0.004881608
0.000100163
-0.002366108
0.000803122
-0.001504646
-0.000652996
-0.000552896
-0.001420722
-0.004104553
0.000884978
0.005229386
0.002362343
-0.004475367
0.000881468
0.001182643
-0.000753987
-0.000163487
-0.002591065
0.001223234
0.001284716
0.002050392
-0.007381371
0.000948503
-0.002451135
-0.000506631
-0.004904135
0.002126684
0.002134879
0.005338507
-0.009144573
0.00687399
-0.002895179
-0.003765786
-0.002520014
-0.00076557
-0.007610486
0.001170915
0.003598602
-0.005506608
0.007597414
-5.11195E-05
0.000843515
-0.003307368
-0.003138973
0.001143871
0.004724308
-0.002606596
-0.003061787
0.000102801
-0.002158606
-0.000180273
0.001429565
-0.002340625
0.00051563
-0.000231914
0.003969226
-0.004133239
0.000696029
-0.001146361
0.002553257
0.001376277
-0.001066112
-0.00106725
0.002510072
0.002413908
-0.002946074
-0.000629496
-0.000282809
0.00100297
-0.000680823
-0.001503972
-0.001686471
0.000180538
-2.57865E-05
-0.004035689
0.005644378
0.007234716
-0.002185499
0.001626704
-0.000524303
-0.005770363
-0.002200574
-7.73834E-05
0.000412743
0.000502824
-0.001340189
0.001367795
0.001249952
-0.001389961
-0.001404784
-0.000722739
-0.000309969
-0.0008656
0.001913727
-0.002761861
-0.000957681
0.000427483
0.00519235
0.008269999
0.039963205
0.019250614
-0.023310473
0.029617563
0.002996416
-0.015726014
0.002039652
-0.010613679
0.024381881
0.001398685
-0.013609178
0.005724521
0.005812274
0.002596222
-0.006264916
-0.010207145
0.002632696
0.002916193
-0.013392372
0.007080577
7.2858E-05
-0.004346876
0.002012195
-0.000365119
-0.0039569
-0.003324777
-0.002845299
-0.003062505
0.00472507
-0.004113458
0.000530177
0.003031498
0.007420694
-0.007585551
-0.005652772
-0.001594246
-0.000581777
0.007158781
-0.001992179
0.001380058
0.004675887
-0.002669998
-0.00733145
-0.002387639
0.000508433
-0.001189871
-0.0020103
-1.24343E-05
0.002188456
0.002196084
0.001015166
0.02372089
-0.013856841
0.000416524
0.013470157
-0.009472947
-0.002134719
0.004180776
0.006537221
0.007716311
-0.004572732
-0.00155536
-0.001787224
0.011383707
0.012403861
3.54442E-05
-0.003260754
-0.000521531
-0.002229522
0.001034052
0.003645128
0.003797513
-0.003865645
-0.000319443
0.001858098
-0.000271701
-0.00060263
0.010038071
0.00025753
0.005184379
0.005669911
-0.002766876
-0.003575575
-0.002901016
-0.003855906
-0.003472019
0.004590558
0.005600666
0.004392659
-0.002598548
0.00343111
0
0.004833494
-0.011731457
-0.000910439
0.003878731
0.001408172
-0.004729918
-3.503E-05
0.001704851
-0.004849389
0.000491988
-0.001498654
-0.000351774
-0.001020504
0.00220748
-0.001886284
-0.001126866
0.001386669
0.002300092
-0.002458728
0.000868545
-0.00197012
0.000282001
-0.002372842
-0.002496232
0.003458615
-0.000752861
-0.002554594
-0.00210084
0.000780603
0.001028174
0.000519462
0.005227324
-0.00436671
0.00248768
-0.001540651
-0.001507692
0.000271322
0.002523793
-0.002035127
-0.001897824
0.003448561
0.002742306
-0.00151412
0.000916903
0.001832126
0.006400713
0.004228354
0.000127592
0.002076012
-0.000277771
0.008138646
0.019763209
-0.010461476
0.003311597
0.009289506
-0.001854287
-0.009682722
-0.001762205
-0.0020956
0.00722446
0.001223768
0.005070167
0.009019458
0.009530293
-0.000972773
-0.006196404
-0.011267606
0.001846784
-0.000427125
0.002181516
-0.002199208
0.003654683
0.003193206
0.009716653
-0.001979935
-0.004167221
-0.00530873
0.00546014
-0.004072866
0.002201191
-0.001516266
-0.00352844
0.002129042
0.001151713
-0.005696096
-0.005358045
-0.000146813
-0.001603885
-0.001979795
-0.003650049
0.00155866
0.007815251
-0.000834075
0.000259456
0.002932221
-0.000775891
0.003567369
-0.0019063
0.002325634
0.00369893
0.00115026
0.004618062
0.002142968
-0.000753421
0.011819885
0.008361369
-0.002760389
0.006135437
-0.005556458
0.013135538
-0.007697435
-0.004647787
0.013725469
0.040436361
-0.004561404
-0.004737813
0.022385183
0.014773306
0.006777108
-0.005564697
-0.002597351
0.016227956
0.00540209
0.003434431
0.007600498
0.00736797
0.017642683
0.004433895
-0.005283953
-0.030171144
0.010778185
-0.017206615
0.016442599
-0.020262009
0.001951229
-0.000415188
0.013064074
-0.013432515
0.00056401
0.008049921
0.01181168
0
-0.00927892
-0.00441378
0.001041984
0.016831148
-0.013442911
-0.00589289
0.003032839
-0.000618478
-0.004793713
-0.003740919
-0.000693529
-0.004392096
-0.00081657
-0.004066256
0.004232963
-0.000597889
0.01193503
0.000837521
0.006133399
-0.010381808
-0.008157252
-0.009440545
0.005243295
-0.001691929
0.002988457
0.002409639
-0.001954995
0.005026984
-0.005946521
-0.0020007
-0.003257655
-0.001357603
-0.001027139
-0.004344627
0.003776374
-0.000383277
0.002996761
0.002736308
0.003200369
0.003230162
-0.006339839
0.001946189
0.000210261
0.00096099
-0.005700399
0.000945455
-0.000170825
-0.000180905
9.04686E-05
7.03581E-05
-0.006733804
-0.009764439
0.001113802
-0.004123627
0.004714661
0.000775289
0.007318764
-0.00445245
0.002724076
0.007551951
-0.004346295
-0.00593151
-0.004625112
-0.001695244
0.007897294
-0.004425183
0.013283584
0.01462865
0.051086784
-0.005820755
-0.018010495
-0.011856791
0.005134073
-0.009758423
0.010748674
-0.008330579
0.002205515
9.78072E-05
-0.004958338
6.87994E-05
-0.002054014
-0.005485361
-0.001614085
0.003124287
0.000781111
-0.003912386
-0.000565358
-0.00156802
-0.008081029
-0.003076368
-0.001718835
-0.001258622
-0.001482004
-0.00236261
0.005303161
-0.000181209
0.002517243
-0.002089088
0.004820999
-0.003956489
-0.003710743
0.004602713
0.001135359
-0.003081061
-0.006060362
-0.003018272
-0.005150659
0.000867994
-0.005427907
0.00048215
-0.004860193
-0.0048015
0.003116361
-0.004396829
0.002208123
0.004561676
-0.004046707
0.002005728
-0.004777284
-0.005183818
-0.008295642
0.002290927
-0.001656601
-0.004200886
0.000295303
0.001286296
-0.002074383
0.010098026
-0.001660956
-0.005346922
0.000284037
0.003628333
-0.002022425
-0.01476317
0.002621735
-0.004613242
-0.003481307
-0.003343442
0.000849417
0.00215934
-0.004438013
-0.002681138
-0.0018894
0.002617716
0.000647326
0.006264218
0.0016072
-0.005220368
-0.004935908
0.007716166
-0.005887589
0.009633433
0.000769305
-0.007260071
0.001107729
0.00167587
0.003721499
0.002735364
0.017294475
0.013061968
0.008095952
0.003435968
-0.009822861
0.013254604
-0.005124496
-0.011346298
-0.002827697
-0.012745139
-0.001746541
0.009886276
0.001753342
-0.005552951
0.003300088
-0.007821066
-0.004557031
-0.005783158
-0.005189392
0.002469268
-0.000682441
0.003425206
0.005869967
0.001342637
0.001668127
-0.007483531
0.002591196
-0.006736646
-0.002772653
-0.00370002
0.001577812
0.003461431
-0.003566966
0.002357909
0.008928285
0.002458721
-0.012707474
-0.000481861
0.002356899
-0.005931832
5.37588E-05
0.003601647
0.004263616
0.001173383
0.004038101
-0.005889531
0.001569172
0.004614876
-0.002652238
0.000510584
0.005252079
-0.001988324
0.007767793
-0.001419603
-0.000926686
0.001992116
-0.009604157
-0.006553372
0.003741995
-0.00335524
-0.00252223
-0.001221446
0.005653415
0.00131207
-0.004612861
-0.001337828
-0.002454185
0.003362663
0.004550614
0.002941835
-0.002603752
-0.001182738
-0.003808447
0.000856696
0.000374484
0.000866338
-0.001143431
-0.003177456
0.000193187
0.0014057
-0.002475274
0.006660078
-0.005218115
-0.001920127
-0.001999054
0.002121519
0.00548063
-0.004349917
0.004551407
-0.000181659
-0.000876396
0.006204337
0.004975389
0.002401329
-0.004590641
0.002915514
0.000887968
-0.001848292
0.001777646
0.005439662
0.011744931
0.008368983
0.000298618
-0.004426464
-0.006193583
0.003828787
-0.004684812
0.003582214
-0.000778218
0.002128786
-0.001523253
-0.001110454
-0.000436364
-0.00681856
-0.008791025
-0.002048315
0.00056074
-0.004367089
-0.000339854
-0.002857871
-0.000745815
-0.001087571
0.003554464
-0.004988406
-0.000951373
-0.00184036
-0.00105051
0.001437923
-0.001382281
-0.002682547
0.006509226
0.001998931
0.006219529
0.003848601
0.006791082
-0.004028282
-0.004002444
-0.001543961
0.003590493
-0.0049285
-0.001537842
0
-0.000350531
-0.003400276
-0.002260369
-0.002992156
0.000428734
-0.002099895
-0.000504606
0.006445029
0.005261754
0.004713976
0.005399865
0.000830329
-0.002478419
-0.010917398
0.006546105
0.00942219
0.002619035
-0.00579907
-0.007209669
0.00334519
0.006035028
-0.0030938
-0.006038482
-0.003291597
0.002240581
-0.003146753
-0.000510172
0.00451945
0.003969808
0.004744933
-0.001941483
0.000210298
0.006349674
0.005494792
-0.003085618
-0.002417775
-0.007448498
-0.00218922
-0.005020938
-0.003275838
-0.000212725
0.003723483
-0.001441472
-0.002377616
-0.001149083
-0.001810822
0.002080888
-0.003333156
0.005513292
0.003049688
-0.00347476
-0.002859664
-0.00053306
0.003040065
-0.003945423
-0.000309624
-0.002680679
-0.002859223
0.001073941
-0.002209945
-0.003730822
0.001888584
0.003102211
0.002287248
-0.002260601
0.00331805
-0.002268933
0.000332532
-0.00075063
-0.004507163
-0.003956233
-0.007424403
0.000686933
0.001176791
0.004875766
0.007408129
-0.001827662
-0.000904734
0.001261306
0.010303839
-0.003197101
-0.003389106
-0.00375464
0.01130637
0.000500437
0.000244772
0.009086266
0.000421754
-0.005206467
-0.004756961
0.005365184
-0.003864765
-5.31474E-05
0.004762259
-0.004168386
-0.00799983
0.00507636
0.000852442
0.010539988
-0.000663731
0.008929419
0.000689641
-0.001117283
0.001662119
-0.007639324
0.003817516
0.003142974
0.004167058
-0.003868955
-0.007183278
0.002502892
-0.004070158
0.003518011
0.000545794
-0.001741393
-0.000525431
-0.001282725
0.004979576
-0.000199034
0.011818696
0.014207311
0.005891242
0.007551843
-0.007223235
-0.009142938
0.002396436
0.006119801
0.007768232
-0.002136171
-0.003907867
-0.000770447
0.001410194
0.011123831
0.003927659
0.0058884
-0.012392471
-0.005374832
-0.007676535
-0.028317539
-0.006128157
0.005354357
0.000796779
-0.002776032
-0.001806818
-0.00781916
0.004963937
-0.004010639
-0.002288911
-0.007020562
-0.00175418
0.008475575
-0.00541873
-0.00131399
-0.001583142
0.003428437
-0.000320318
-0.000181572
-0.000341844
0.000951078
-0.002551592
0.000363917
0.004483105
-0.003270097
-0.002361767
0
-0.000996219
-0.000664808
-0.003004356
-0.004326395
-0.000129707
-0.006280809
-0.000543934
0.004571528
0.002925466
-0.002603632
0.004885076
-0.005443394
0.000802012
-0.002696498
0.002432324
-0.002263938
-0.001226821
0.000206533
0.002358337
0.004130932
0.005431262
0.000279225
0.001095114
-0.004600882
-0.002930592
0.003436278
0.002853758
0.004209396
0.007004074
0.000828272
0.002472149
-0.001439412
0.004695433
-0.006034392
-0.001974145
0.000595542
0.002146926
0.001792343
-0.003355953
-0.001359648
0.002957006
0.002364994
0.000899328
0.001617336
-0.001277004
0.001669625
0.004251503
0.007206412
-0.005506941
0.000964856
0.003373741
-0.004511043
0.002853157
0.001370221
0.000219353
0.005064904
0.005558904
-0.003451233
-0.004645231
-0.003677275
0.00190293
0.001732343
0.004667153
0.001099152
-0.003915313
0.003816318
-0.005438555
-0.004457962
-0.006455325
-0.003559281
0.00214531
0
-0.007698148
-0.003273183
0.002846785
-0.001350245
-0.002533802
0.003906417
-0.000903698
0.001936727
-0.000244278
-0.004196235
0.003019085
0.002584556
-0.002959804
0.004617807
0.000836705
-0.003915468
-0.000509949
-0.003093145
2.13247E-05
0.005949462
0.014616102
0.002642933
-0.008116274
0.005472632
0.002872903
0.001052116
0.010843098
0.012353305
-0.012812691
0.004800165
-0.006622517
0.005335397
0.007698862
0.003881141
0.002536835
0.002226766
0.007675372
-0.009020024
-8.09078E-05
-0.009274805
-0.000918808
-0.001839306
-0.007780269
-0.000959525
0.000815863
-0.002290809
5.17133E-05
0.001406528
0.005163796
0.002383692
-0.005760558
-0.000546403
-0.004961576
0.008023719
0.001552891
-0.003326864
0.001586566
-0.004690441
0.002676643
0.000226753
-0.002545237
0.003026953
0.001936348
-0.000976583
-0.005813774
0.002163158
0.002044884
0.000278279
-0.003750567
-0.003288929
0.00040469
0.001379539
-0.000766506
0.002436041
-0.000806593
-0.003156533
-0.005813953
0.00086675
0.004069155
-0.005715295
-0.005173333
0.005609951
0.00854558
-0.012689041
-0.001846509
0.002533136
-0.001855735
-0.002836045
-0.008226855
-0.002527827
0.003055987
-0.000647552
-0.000860421
-0.005018127
-0.005278511
-0.00198726
0.003465794
-0.005438164
-0.008164102
0.008503142
0.008377539
0.001871157
-0.009946638
0.003826751
-0.004853796
0.004078946
-0.005502477
0.003166301
0.000463212
-0.003165613
-0.003964182
-0.00177851
0.001216756
-0.002094184
0.003077191
-0.003555556
-0.003394182
0.000382054
-0.018473457
-0.001978833
-0.003854123
0.002594266
0.008231095
0.004502312
0.001541765
-0.001803288
0.000771086
0.008827641
0.001985751
-0.001088909
-0.003989753
0.003863455
-0.00560389
0.000296027
-0.006083192
-0.004300838
0.007199025
0.002639103
-0.007205528
-1.10469E-05
-0.000220941
0.003204349
6.60851E-05
-0.002511069
0.001766589
-0.001487931
0.00012142
2.20736E-05
0.003222673
-0.002112211
-0.005368876
0.000410104
0.004974628
-0.00435468
0.013187616
-0.003387867
0.003103308
0.016146312
0.005024044
0.00130593
-0.0066708
-0.011440195
-0.006227206
0.007854694
-0.002217391
-0.007505774
-0.000219522
0.005621
-0.000316597
0.003822213
-0.004873803
-0.000699668
0.007690793
-0.004483721
-0.000654322
-0.003775726
-0.001007755
-0.002653509
-0.000670639
0.003850512
-0.004208358
0.003774914
-0.002916475
-0.0011766
0.003544967
0.002501234
-0.001707101
-0.000756355
0.000515588
0.00262047
-0.003510345
0.002655751
0.000798993
0.002777839
0.003359072
-0.000695652
0.00022842
0.006851028
0.003359003
0.003702986
0.005083546
0.018769474
-0.010767217
0.003186973
0.002047537
-0.004887194
-0.000243443
-0.002858504
0.006550937
0.000485222
-0.005619518
0.005587658
0.004386242
0.002981377
-0.004647171
-0.000641444
0.001893999
0.00058813
-0.000314885
0.005932194
-0.001482131
-0.005257876
-0.011664197
-0.006974791
0.001509684
-0.008392311
-0.004344873
-0.000108284
-0.000324886
-0.003672408
6.5238E-05
0.002892027
-0.000758865
0.003211353
0.002736052
-0.003246263
0.002824033
-0.001510541
0.003782067
-0.001173406
-0.006057144
-0.000965073
-0.000477576
0.000293198
0.002203767
0.004224528
-0.002038659
-0.001696949
-0.003616206
0.001010562
-0.001660859
-0.006078201
0.001509698
-0.000775558
0.001869343
0.007910788
0.004222059
0.000571355
-0.001443732
-0.006808299
0.001596958
-0.000347083
0.002560625
-0.002997803
-0.002811428
-0.000500735
-0.00669796
-0.004451559
0.004405383
-0.001600912
0.001350876
0.005560735
-0.004875548
-0.00341974
0.000373943
0.0051233
0.002942367
3.27182E-05
-0.007175964
0.001153377
0.002479647
0.002035724
0.001354392
0.003992234
0.004345748
0.003137034
-0.008745444
-0.002306278
0.003074877
-0.00802235
-0.00071229
0.000318017
0.003310714
-0.000447985
-0.002765632
0.000745393
0.003176516
0.001408528
0.0028349
-0.005555918
0.000885604
0.000906668
-0.0036343
0.000952965
0.000919228
-0.007412672
0.001200612
-0.003179458
0.002549472
-0.002047601
-0.000154437
0.000573711
0.001852464
-0.001111625
0.003349604
-0.002525779
-0.000176151
0.001145185
0.00422354
-0.00378958
-0.002572644
0.00051806
0.000297455
-0.000484598
-0.000275473
-0.000275549
0.00055125
0.004407568
0.000318146
-0.00277467
-0.002155528
9.91921E-05
-0.000385709
-0.00335145
-0.001161466
-0.000609094
-0.000919739
-0.001231145
-0.000766249
0.004645477
0.000774353
-0.002232834
-0.00054284
0.002272299
0.000265422
0.003593304
-0.000242368
0.010633726
-0.001275705
0.003351638
0.004798485
-0.001061238
0.004509632
0.000377713
0.002265421
0.006673268
-0.003549739
0.003712606
0.001902889
0.004801536
0.008580227
-0.000684369
-0.000895557
-0.006938879
0.003111394
0.006764553
-0.001777039
0.002854645
-0.005115331
0.001541434
-0.001612852
0.002111709
0.002349594
0.001177299
-0.000839939
0.004413387
0.001203118
-0.001191223
0.005733057
0.010547777
-0.006032034
-0.001698391
0.006867362
0.002936328
0.004263188
-0.003559738
-0.004301318
-0.003979669
0.004430321
-0.005183697
0.001574607
-0.006267842
0.001873478
0.007531842
0.007145582
0.018397559
-0.001135987
-0.011644525
0.018278464
-0.003830077
-0.000471816
-0.002862365
0.00331376
0.000582259
-0.001685562
-0.004703423
0.001908435
-0.006762545
-0.002171442
-0.003650674
-0.009257086
0.004635734
-0.001814975
-0.009009194
-6.21968E-05
0.006126765
-0.007913202
-0.001609804
0.009237491
0.001443031
0.005084502
-0.007250236
0.004806899
0.004629915
0.009278466
-0.003614494
-0.004918099
-0.004646271
-0.001282406
-0.000133542
0.003133508
0.007804179
0.011280259
0.00156765
-0.003772525
-0.006536277
-0.00908326
-0.000347837
0.001443001
0.00545711
0.001016384
-0.002243928
0.002808674
0.004536091
0.002050712
-0.000846834
0.000787012
0.006069344
0.003657718
-0.000678954
-0.004646004
-0.000160609
-0.000943728
0.001437027
0.003702812
-0.003489197
-0.000160523
0.004595717
0.005114068
0.016267838
0.012839192
-0.011131708
0.001366854
-0.008755423
0.000983603
0.005227628
-0.007096844
-0.003199669
0.001481511
0.00435906
0.003083268
-0.005667913
0.004656658
0.001440499
-0.005900484
-0.005000394
-0.003966998
0.00073498
-0.007632224
-0.001460175
-0.004597264
0.003421108
0.003569889
-0.006105177
0.003498613
0.001873447
0.015899523
0.006594943
-0.006952661
0.004332756
-0.001686407
0.00274013
-0.003927561
0.007178116
0.005125552
0.003700718
0.001093541
-0.006380079
-0.006761555
0.003839674
-0.007064517
-0.001228381
-0.007487578
0.004550231
-0.002644746
0.004650472
-0.000384104
-0.002985339
0.002687933
-0.004228059
0.003810523
0.008538666
0.001613108
0.002654902
-0.008488766
-0.001060362
0.000402972
0.000638601
0.00113893
0.000853226
0.004634847
-0.005910696
-0.000824176
0.000697199
0.001049977
0.004558198
0.006303731
0.004732121
0.007528013
-0.007347236
0.00221952
0.003264135
-0.008781611
0.003262974
0.004777208
0.005378823
0.006649343
-0.000892111
-0.00379011
0.001983313
0.007774807
0.003040604
0.006062774
0.013072446
-0.005126405
0.005189958
0.005615746
-0.0003031
0.00938057
-0.011168455
0.003985787
-0.002163768
0.009087317
-0.009934257
0.002280858
0.008891621
-0.004984174
0.003948812
-0.000992425
-0.008202474
-0.010622754
0.000510834
0.006293979
0.005516605
0.007339584
0.00015483
0.007002686
-0.002305939
3.62552E-05
-8.15712E-05
-0.003825097
0.013330058
0.00502842
0.00288581
-0.010565702
-0.000594252
-0.008522676
-0.008895795
-0.008251355
0.002847291
0.002138623
-0.005206369
0.004493883
0.000929736
-0.006676844
-0.007480927
0.002779851
0.001609332
-0.009036788
0.011162346
-0.00488465
-0.006389598
-0.000534328
0.001913355
0.000683373
0.004696153
0.001331496
0.001022866
-0.005861534
-0.008577836
0.002789768
-0.00162597
-0.006401506
-0.000189493
-0.00358209
-0.007598885
-0.0002875
-0.000134205
-0.008187605
-0.004349928
-0.009679612
-0.001823476
0.008456348
-0.005483161
-0.004064045
-0.006214356
0.006975502
-0.001650733
-0.00174204
0.014778957
0.008093115
-0.002525058
-0.008067789
-0.001295501
-0.001433727
0.000879052
0.000448899
0.006311025
0.008694725
-0.008245005
0.001666586
-0.009431498
0.001914025
0.012514864
0.016518742
9.46988E-05
0.01726195
-0.002662174
-0.009575808
-0.003241644
0.001616639
-0.009089536
0.000295286
0.008275087
-0.009680496
-0.001802438
0.001213349
0.003740601
-0.004316082
0.000706552
-0.006030074
0.001862233
0.001197662
0.002717833
-0.002949064
-0.003666124
-0.001354636
0.014276644
-0.006022954
-0.002986784
-0.002574606
-0.003761527
0.004690766
-0.002195421
-0.005659163
0.001062905
0.004874517
0.002468661
0.007646461
0.000408901
-0.001026587
-0.00428184
0.002226576
-7.62791E-05
0.003556785
0.007164372
-0.001254752
0.01183594
-0.0005508
-0.000532422
-0.003532677
0.002682348
0.005041671
0.001060978
-0.005587475
0.002916951
-0.000400846
0.007246107
0.003444221
0.001181041
0.000995327
0.001270543
0.003356229
0.002007002
0.00428949
0.006092563
-0.000135777
-0.001330798
-0.008403361
-0.007414111
0.00041446
0.00520162
0.009598388
-0.006631408
0.00214608
0.000510311
-0.000728644
-0.006006581
0.000999505
-0.001905408
-0.006241109
-0.004931886
0.002171875
0.001296596
0.010701568
0.010743832
-0.002833964
-0.004712484
0.018145492
0.007795489
-0.002489486
0.006506645
-0.003834471
-0.001191217
-0.003649115
-0.000830758
0.004416511
-0.005002359
0.006145726
0.002934064
-0.009343806
-0.003140996
0.007010961
-0.003280501
-0.000232537
-0.00640521
-0.00337631
0.003478088
-0.000180054
-0.004799294
-0.005826736
0.001064788
-0.001536392
0.000673775
-0.001956271
0.003728758
-0.004677693
0.009125586
0.010625599
-0.002818615
0.003418819
-0.001609687
0.004039662
-0.000321159
0.007326563
0.004597844
0.001093494
-0.001206815
0.005291705
-0.001772163
-0.002179587
-0.009151363
-0.002417864
-0.002361349
0.003858555
-0.006726517
0.00456846
-0.002389763
0.007606568
0.002954013
-0.003405241
-0.004286627
0.000909148
0.004986865
-0.001408888
0.000425925
-0.005002484
0.001604564
-0.003221787
0.003339345
-0.013232834
-0.009739821
-0.001083739
-0.005853071
-0.00180661
-0.004327175
-0.001808518
0.001747088
-0.001273427
0.002614778
-0.003151667
0.000850497
0.001902756
0.009689315
0.004483158
-0.003563248
-0.004032111
-0.003562989
0.00327239
0.015557286
-0.005674693
-0.006070009
0.011639052
-0.001913012
0.006301533
-0.00238983
0.000270175
-0.010831105
-0.002184479
9.12192E-06
-0.001760515
-0.000886379
-0.002551744
0.005776743
-0.002415943
0.000127944
0.010243336
0.00338284
-0.001956153
-0.00098451
-0.007341374
-0.001557462
0.006184833
-0.003136871
-0.005111182
-0.000585047
0.003347694
-0.002980993
0.002423012
4.56067E-05
-0.000155056
0.007015079
-0.003641634
0.001272866
-0.002406291
-0.001146883
-0.000382733
0.002005561
0.001956057
0.00406792
0.008699741
0.005047517
-0.003166731
0.000715896
-0.00011625
-0.001940706
0.000295704
0.005392767
-0.000196021
0.004375685
0.001295452
-0.001311499
-0.001552795
-0.000133304
0.004932895
0.000477601
0.001211114
0.001562831
-0.004866309
0.002019826
0.002457806
0.00600598
0.000219168
0.001901957
-0.001793369
-0.001910521
0.004135678
0.007992445
0.009160941
-2.57891E-05
-0.000679132
0.000301086
-0.004884719
-0.003724733
-0.003027359
0.004480871
0.002485968
-0.000535707
-0.000561929
-0.007335133
-0.001777623
-0.000357904
-0.00337947
0.00016648
0.006114922
-0.005050285
0.000945171
-0.001302755
-0.006355932
-0.000889884
0.003624435
-0.001300436
0.000255147
0.005611801
-0.000594785
-0.002345548
-0.004105587
-0.001858654
-0.001491457
-0.000583333
0.003077549
-0.003711704
0.001513221
0.008314557
0.010349118
-0.000338257
-0.002915199
-0.001383547
-0.002884205
0.004509228
-0.002418485
0.005624836
-0.001413519
-0.001241837
-0.000521698
-0.003453706
0.003116489
-0.004847314
-0.004958374
0.001485257
0.005668954
-0.001195462
-0.001074583
0.002116495
0.004616781
-0.002693053
-0.004346652
-0.001950972
0.001525259
-0.001759254
0.004164767
0.000375457
-0.003892817
-0.003049315
0.001467796
0.004326725
-0.000192247
-0.003198909
-0.001753648
-0.003223596
-7.93084E-05
0.000687394
-0.000854249
0.002741223
0.000835062
-0.001291071
-0.000457296
0.000695055
0.004325693
-0.003711777
0.00296994
0.005081256
0.004828939
-0.000746016
0.004305817
0.001780636
-0.001535873
0.002488831
-0.002111978
0.000786109
-0.00447126
-0.004846835
-0.001890672
-0.0022958
-0.002467321
0.001473529
-0.000639341
0.002112053
-0.002116347
0.001595008
-0.003534929
-0.003345509
-8.81034E-06
-0.003110077
-0.003570513
0.001144175
-0.004146216
0.000382542
0.003699455
0.001382182
0.001539537
0.01188215
0.004609743
-0.004875378
0.000358057
0.001519014
-0.002597584
0.006344823
0.000243161
-0.000520933
0.001520179
0.000841335
-0.000511309
-0.002896012
-0.006513213
-0.001137875
-0.000762369
-0.000684025
0.00449308
-0.001450225
-0.002642193
-0.001640394
-0.001994552
-0.00066031
-0.002087959
0.000565017
0.002664667
0.002745585
-0.00440548
-0.005729548
-0.000744701
-0.002155918
0.001689339
-0.002547488
-0.005873297
-0.002327393
-0.002153374
0.001276829
0.003134121
0.009256607
0.001525661
0.003834913
-0.002629188
-0.001256137
-0.007750016
0.002570786
0.0007746
-0.007544283
0.002850612
-0.000527384
-0.004033484
0.001230211
-0.001363229
0.006232712
0.005408686
-0.004127903
-0.006132837
0.004592134
0.009642255
0.00292695
0.005290166
-0.003288954
-0.008588298
-0.004065077
-0.00399255
0.000867924
0.004300095
-0.000480688
0.001870241
-0.00148451
0.001664767
-8.8877E-05
-0.001351051
0.004779579
-0.002285411
0.003187371
-0.003345399
-0.004191346
-0.003807706
-0.000393863
0.000116414
-0.002408603
0.004442889
0.002171407
-0.002077538
-0.003448923
-8.96596E-06
0.000233117
-0.000206171
0.000806922
-0.002114222
-0.005898248
-0.000469602
-0.001743766
0.002896268
0.001335656
0.001180659
-0.001089246
0.000675889
0.00029719
-0.002124729
-0.003419436
-0.0009868
-0.005065746
0.003561344
0.001297864
-0.000915485
0.010224726
0.006178716
0.002124279
-0.00073925
-0.003868334
0.001243748
0.005424583
0.006426381
-0.002525877
-0.005746312
-0.00454169
0.000984049
0.002520265
8.91464E-06
0.001167808
-0.003223308
-0.003233731
-0.006309205
0.0024892
-0.004858081
0.003769832
-9.90705E-05
0.002422965
-0.004618564
-0.001462411
-0.001844251
-0.0004438
0.001902846
0.000217055
0.003960396
0.001134798
-0.002941732
-0.005061715
0.000117891
-0.004207319
-0.003032235
-0.000493209
0.002375883
0.003546261
0.002189277
-0.001214615
0.000916607
0.000779762
-0.003741755
-0.002682721
-0.003510596
0.003953039
-0.001658843
0.002446751
-0.003907068
0.002496068
-0.005609011
-0.003035862
0.004241069
-0.006577501
-0.002748013
0.000323643
0.005666534
-0.00089161
-0.001849211
0.003447195
-0.002020796
0.000294529
-0.002649982
-0.000553546
-0.003000037
-0.000870314
0.003975425
-0.003322811
-0.003445019
0.002667038
-0.002363365
0.004505676
0.002783764
-0.007221382
0.000994008
-0.003944242
0.001034223
0.001089
0.001245874
0.002860088
-0.005268665
-0.003565179
-0.001532066
0.000159055
-0.004920578
-0.000564058
-0.003329822
0.002538742
0.00255114
-0.005220755
0.003445281
0.003536926
0.004518058
-0.006858583
-0.002151649
-0.001355919
-0.00059402
-0.000245297
0.001604258
-0.002892461
0.000850412
0.000915777
0.003442812
-0.004784599
-0.000557266
0.004989841
-0.002849271
-0.002178423
0.002636827
0.004835608
0.010806653
-0.003684352
0.003595514
0.010023946
-0.006147654
0.001664309
0.005566171
-0.005131453
-0.003524733
-0.007046623
-0.003674208
-0.001413328
0.001677774
0.001375529
0.001037238
-0.000429401
-0.000803138
0.004317999
0.008366215
-0.002630243
0.004515592
-0.003003003
-0.004009905
0.005037199
0.001236836
0.002627333
0.000919456
-0.00335293
-0.003354993
-0.002071561
-0.002075862
-0.007670663
0.002414442
0.005340055
0.002349402
0.00023161
0.000389015
0.00773098
0.005200198
-0.002230184
-0.006430691
-0.001429072
0.004108691
-0.003301089
0.005120257
-0.003561332
-0.001317244
0.004547257
0.001671105
-0.005912441
-0.005440446
-0.001947022
-0.000315847
-0.00367056
0.002583521
-0.003935067
0.001961297
-0.001659179
0.000336122
-0.00286541
0.000599066
-0.003667081
-0.001455331
0.003855195
-0.002032596
-0.001107534
0.002377261
-0.004668254
-0.000913543
-0.000122546
-0.003771095
0.00030283
0.000860911
-0.005161022
-0.006546505
0.001750225
-0.0061485
0.002910747
0.005938697
0.011616835
0.001204819
0.005292945
0.004180266
0.001760137
-0.002640215
-0.002665846
-0.00504687
0.00070451
0.002938084
0.000814264
0.004021247
0.003865427
-0.006197983
-0.007142257
-0.000855714
0.001901123
-0.00601193
0.000869442
-0.001709047
-0.002648355
0.005159039
0.001009529
-0.003440248
0.000189157
-0.001531886
-0.002064589
0.003853016
-0.001786761
-0.004839519
0.001237176
-0.001378222
-0.000561568
0.000333321
-0.004198441
-0.001739995
0.00016281
-0.001244817
0.004812901
0.001679309
-0.002124194
0.004954276
-0.004502408
0.000639295
0.003699819
-8.55042E-05
-0.000750601
4.75421E-05
-0.006151652
-0.001214985
-0.00012452
0.005766946
-0.001000095
-0.001182247
-0.000954554
-0.00096502
0.001080719
0.004203567
0.006145767
0.00339451
0.008339773
0.005205462
-0.004332466
0.000289465
9.33489E-06
-0.001717604
-0.002571487
-0.004265612
0.006336384
0.006390045
0.009854232
-0.000147292
-0.000405112
0.007009432
0.002780598
-0.001121925
-0.002575107
-0.002682462
-0.002001193
-0.001554495
0.008466301
0.009957339
0.008013966
-0.004369947
-0.00223512
-0.00208657
0.003303855
-0.007497158
-0.00216342
0.004819036
0.003309097
-9.93973E-05
0.001680885
0.006640082
-0.003970317
-0.002087551
-0.005229795
-0.00648097
0.000784614
-0.000975441
-0.001879785
-0.00112451
-0.007624156
-0.00040581
0.017936723
0.010940403
-0.009091561
0.007347219
0.006063056
-0.000803536
0.007898852
-0.007659642
0.008210122
-0.006707782
-0.006458692
-0.000628519
0.012488432
0.002422511
-0.001088823
0.001125457
-0.001026821
0.007203998
-0.003668611
0.008300221
-0.003616779
0.000439456
0.004392631
0.001749368
-0.003614868
0.000236608
0.002794813
0.003057864
-0.003205324
-0.000314573
-0.00020104
-0.002552849
0.001858182
-0.00287834
0.000315864
-0.011279811
-0.012606123
-0.005929813
0.011379042
-0.007506635
-0.007365322
-0.006313326
0.005002419
0.001889277
0.001994506
-0.002243877
-0.003273634
-0.002693015
-0.005227244
-0.003090467
0.002262943
0.003203187
-0.001418076
0.001731594
-0.003374887
-0.000192717
0.002147833
0.009360603
-0.006043393
0.002419274
-0.008141928
-0.000642744
0.002526691
-0.006662817
0.003893492
-0.006074921
-0.001100354
0.002055023
-0.006928406
-0.000186047
0.00685709
-0.001654084
1.8512E-05
0.003591262
0.007304386
0.002819996
-0.001652545
-0.002743559
-0.003640632
0.003561896
-0.000779552
-0.004368896
-0.000350308
0.008686992
0.00746023
0.000680605
0.003935758
-0.003107357
-0.002210926
-0.002715294
-0.003187091
-0.001781342
-0.000420964
0.001089474
0.005551186
0.008403591
0.001560288
-0.00569113
-0.002409028
0.003177428
-0.005131129
-0.001837449
0.006114842
0.001168436
-0.003148381
0.003984208
0.001970639
-0.002210353
-0.003155601
-0.007637327
-0.005858911
-0.003686848
0.003128345
-0.004102923
-0.001819744
0.001008699
0.002958334
-0.001843505
-0.003426017
-0.005606108
-0.002050078
0.006041478
-0.00092816
-0.001774433
0.004644064
0.003668433
-0.0013291
0.003678373
0.000313081
0.004842035
0.000961908
-0.005381511
-0.00073614
-0.00062618
0.009186654
0.004537818
-0.002408631
-0.000674223
0.005105669
0.002521725
-0.000597177
-0.004264219
-7.27385E-05
-0.003455331
-0.00597655
-0.002937397
-0.000570797
0.00044216
-0.002126954
-0.001107266
-0.00307607
-0.001686403
0.00243178
0.004536953
-0.003843601
0.003108952
0.001715693
0.001381254
0.000579326
-0.000505468
-0.005875592
-0.002784047
-0.000992441
0.008745868
0.006488725
0.003200585
0.003518527
0.002198182
-0.006190351
0.001048792
-0.003152189
0.004030379
-0.005698161
-1.83093E-05
-0.003735169
0.00086378
0.006674746
-0.001450135
0.002438668
0.005913278
0.004103187
-0.002769383
-0.00150161
-0.00509141
0.000919687
-0.006632036
0.001630156
0.002861845
-0.000747609
0.005711627
-0.002830522
-0.006941728
0.003389768
0.003980935
-0.001636989
-0.000209514
0.002441802
-0.003090263
0.006509669
0.003559879
0.006345338
0.001695174
0.002104189
-0.000893519
-0.000491875
-0.002585852
0.000735604
-0.00115638
-0.001983379
0.002499888
0.002188675
0.001253054
-0.004639438
0.002837949
-0.004871758
-0.002915767
-0.005198744
-0.000489929
0.000789717
0.0019682
0.003104915
-0.002761409
-0.001674102
0.000126901
-0.004885078
0.001630281
-0.002464174
0.003837564
-0.002597025
0.002685725
-0.001979389
-0.000554964
0.000500655
8.18844E-05
0.001164483
-0.002344432
-0.00139357
0.00379434
-0.006215187
-0.000521171
-6.40369E-05
-0.000247015
-0.000146416
-0.00221486
-0.001541002
-0.002700915
-0.000414525
-0.002248579
-0.000840499
-0.000277321
-0.001488701
0.000416717
-0.001175578
0.001186229
0.001758722
-0.002402447
-0.003380788
0.000836447
0.006184533
-0.005085184
-0.000139143
0.000788585
0.002845939
-0.006794232
-0.002922425
0.002893654
0.003425136
0.0059457
0.005467958
0.006043487
-0.003600664
0.000219565
0.001893333
-0.004801987
-0.007925733
-0.003587676
-0.002468448
0.002037323
0.005134014
-0.001717991
0.001008512
0.001931805
0.002426244
-0.006764156
0.000185312
-0.002306709
9.28531E-06
-0.000909952
0.003122677
-0.001000593
-0.002754387
0.003589663
0.003067172
-0.004147883
-0.001771816
0.000418185
-0.000232228
-0.001003456
-0.002911086
0.005932448
-0.001882366
0.001913787
0.008029969
0.006659798
0.004906978
-0.001463996
-0.004908389
0.003569043
-0.002380019
0.002513665
0.001905596
-0.002484393
-0.003685694
0.005704658
0.003104742
-0.002341772
0.005768094
0.005418412
0.013747436
-0.012575881
-0.001851536
0.001440754
-0.004289067
-0.00223053
-0.000687851
-0.000280764
0.004873983
0.001280202
-0.001926852
-0.00424004
-0.001893493
0.000871389
0.005287263
-0.001714059
0.005141969
0.001618312
-0.003141634
-0.003034478
0.000207731
0.003313979
0.003249032
-0.004593123
-0.009805424
-0.001674691
-0.001549865
-0.001150506
0.000429651
-0.001781831
-0.000366156
0.001025613
-0.000832457
-0.000128177
-0.004807252
0.002557851
-0.003726035
0.000294776
-0.001933898
3.69075E-05
-0.002601884
0.001396842
-0.001099287
0.002635643
-0.002185984
-0.000443701
-0.001451916
0.003963844
-0.001512859
0.000997783
-0.000526083
-0.007092002
-0.003822438
0.000802898
-0.001632493
-0.003588014
0.006273502
-0.00244157
0.003633952
0.006264253
0.006475006
0.005238585
-0.003995319
-0.002349896
0.004232415
0.001905722
0.003054329
0.003190898
-0.0022447
-0.000519173
0.000701703
-0.001047263
-0.003190665
0.000658466
-0.004103567
0.001431613
-0.000595653
-0.004282086
-0.002071976
-0.002205468
0.000527153
-0.001478948
0.003249248
-0.001171846
0.00194921
0.000857459
-0.001298905
-0.000451979
-0.001476519
-0.000656174
-0.000249695
0.005152398
0.003506286
0.001045459
-0.001694807
-0.001192967
0.003996619
-0.000631423
-0.003278148
0.007073955
-0.000437876
-0.00231811
-0.001628277
0.00057724
0.002335101
-0.000118767
-0.001918772
0.005291344
-0.005290813
0.0026549
-0.005368784
-0.002166449
0.000791183
-0.00312546
-0.000645494
-0.001033458
-0.00114537
0.001396364
-0.000572542
-0.00172785
-0.004303961
0.00149663
-0.002515408
0.000409436
-0.000892948
0.002234366
-0.002814599
0.00129483
0.004186475
0.000379844
-0.001500278
0.000343171
-0.003940476
-0.000800521
-0.004946713
0.004025727
-0.00183695
0.000485772
-0.001120469
0.006272318
0.006818456
0.000876521
-0.004729069
-0.00213032
0.000399127
-0.001530925
-0.005324635
-0.000896861
-0.001832735
0.000421554
0.001535681
4.67478E-05
0.000233728
-0.0047202
-0.004667456
-0.004038307
0.000824199
-0.000511151
-0.001846766
0.002039945
-0.00054919
-0.000464226
-0.001573415
-0.003968216
-0.000724368
-0.002518051
0.002380975
-0.002079597
0.00585986
-0.000399152
-0.002975823
-0.002364878
0.000783789
-0.002273118
0.007734722
-0.001681359
-0.004852752
0.000975283
0.002388071
0.004316876
0.000711642
0.001905846
-0.00575398
-0.002122637
0.000467401
-0.001096449
-0.004801038
-0.004546065
0.002023277
-0.003442241
0.001601636
0.001830267
-0.001461538
0.000741468
-0.004599471
-0.003683045
0.002328605
0.001074478
-0.004109576
0.002126379
-0.000997956
0.004597121
0.000366859
0.002190697
0.004054041
-0.003049833
-0.002837903
-0.002469731
-0.002379133
-0.002113366
0.002146986
-0.003906704
0.002715249
0.001436447
-0.002345416
-0.000942315
0.001818341
0.00039795
0.008140178
-0.001790045
-0.000289235
-0.002709949
-0.001431182
0.000968401
-0.003579617
0.00080588
0.000426869
-0.001891001
0.002953607
-0.006015751
-0.002894511
-0.002580368
-0.003321999
-0.005210996
-0.006187116
-0.00286419
-0.000738052
0.005150215
-0.00095327
-0.00268363
0.000129559
-0.006457206
-0.003710947
-0.001560377
0.003075217
0.003940293
0.014297586
-9.87118E-05
0.002912286
0.003720839
-0.003746273
0.003740673
-0.005599906
0.004655062
-0.005143962
-0.002338593
-0.00113742
0.00190116
0.005406046
-0.003037452
0.003953816
0.010066587
0.005600552
0.003461512
0.000684133
0.007761045
0.004634142
-0.003167115
0.001936838
0.008084713
0.008341048
-0.008590566
0.011584836
0.0153941
-0.003100219
-0.020597056
-0.002393224
0.01308097
0.005733517
-0.00209494
0.002470902
0.013695457
0.003811805
-2.73189E-05
0.013523235
-0.000970385
0.058270677
0.029991416
0.076083369
-0.045883589
0.051706541
-0.054436947
-0.002367811
0.030311867
0.027053588
-0.016519562
-0.006678342
0.028334783
0.033215731
-0.004181663
-0.007591187
-0.006843284
0.004576092
-0.03403345
-0.006194731
-0.009482477
0.005899705
-0.023562072
0.009450433
0.027435299
-0.008555985
-0.004221447
0.015971842
0.007567826
0.006021012
-0.010792706
0.013114049
-0.001136794
0.030030349
0.025228716
-0.030355719
-0.013456038
-0.007698547
0.001574362
0.006801436
0.019328204
-0.003681885
0.005144124
-0.004691314
0.016319686
-0.02158948
0.002407186
-0.001474937
-0.021533231
0.011348723
-0.004500551
-0.010865225
0.006665397
-0.007211502
0.004154058
0.003286727
0.007104218
0.00318524
0.013816292
0.017395094
0.004261714
-0.00467739
-0.015768678
-0.01512099
0.00508025
0.006776704
0.014535895
0.004379306
0.005682809
0.019459499
0.007860621
-0.022040621
0.005170504
-0.00282593
-0.001700363
0.001293615
0.011663377
-0.011408301
0.016742978
-0.001143462
0.003264718
0.0079028
0.016121931
-0.005068636
-0.011903198
-0.008163979
-0.002722566
0.015439346
0.012105172
0.004817188
-0.011553766
0.006665466
0.005712791
0.004154177
-0.008314875
0.018267413
0.002463503
-0.00135328
0.006391284
0.000314855
0.009214985
0.019588847
-0.001809307
-0.007784993
0.004448738
-0.001452357
0.00579167
-0.002442726
-0.013040185
-0.013642529
-0.022759134
-0.035609857
0.006797056
-0.004644521
0.004829545
0.012185468
-0.003638167
-0.002277777
-0.001369786
0.008117443
0.003753916
-0.016252476
-0.01702269
-0.008511372
-0.012956411
0.001380962
-0.004496607
-0.015208677
-0.020456722
-0.000412485
0.006289164
-0.008900162
0.008022312
0.012481187
-0.010885886
-0.002223909
0.012490776
-0.005867813
0.039541106
0.008120683
-0.015735539
0.014345899
-0.035704225
-0.009423221
0.000196609
-0.008807875
-0.000274593
-0.000450151
0.009159746
0.00732936
-0.001456708
-0.006955776
-0.005262839
-0.012811827
-0.00759562
0.018143673
0.005327024
-0.002679764
-0.000281637
0.001918714
0.005676723
-0.005062832
-0.000888605
0.008050171
0.004245564
-0.003732016
0.000700961
0.013045312
0.002178439
0.012715794
-0.014109167
-0.004339394
0.003925461
-0.007418806
0.008784872
-0.007453711
-0.003335976
0.004007565
-0.004447534
-0.001021121
-0.002051845
-0.005686183
-0.001598206
-0.000682791
-0.00569381
0.005520264
0.005565891
0.000898602
0.001335375
0.012122902
0.010607967
0.009531667
0.007683215
-0.003330799
-0.008129609
-0.004804946
-0.014535953
-0.005504313
-0.002095255
-0.00426704
-0.003000484
0.002516772
-0.000604929
0.00497855
-0.001370224
-0.003166394
-0.000741172
-0.006297067
-0.001675642
-0.000175475
-0.008576879
-0.004440989
-0.000997302
0.005548677
0.000253969
-0.010094637
0.000839435
0.009295932
-0.003139355
-0.003056617
-0.00329826
-0.003930616
0.000366537
0.005464864
0.018631518
0.008251001
0.000883272
0.004231439
0.015817936
0.008732236
-0.003877532
-0.00912449
-0.007515335
-0.006135612
0.008258925
0.004920738
-0.008544976
0.003447449
-0.00311445
-0.008803147
0.000854119
0.008435728
-0.0025762
0.004107038
0.00610171
0.005157972
-0.001486214
0.003487804
-0.004316929
0.009738527
0.003897477
-0.001630439
-0.011768583
-0.002000845
-0.010737119
-0.005081553
-0.002806488
-0.003056484
-0.007550807
0.000802881
0.001321781
-0.001655768
-0.010952308
-0.001630515
0.002314313
0.002339859
0.01303564
0.008913225
0.001213611
-0.015042575
0.004999045
0.010868656
-0.0015048
0.005440516
0.002458218
-0.005696856
-0.005173088
-0.005184872
0.003335309
-0.007943299
-0.001045706
-0.008076409
0.005268915
0.003011448
-0.005683945
-0.006500142
-0.004988206
0.006334525
-0.002595096
0.000139385
-0.004645509
-0.004130464
-0.01068533
-0.005439846
0.004675754
0.01454669
0.01139417
-0.000947159
-0.003745982
-0.008881805
-0.00679911
-0.001996322
0.018514727
-0.002721699
-0.006652246
0.010365202
-0.004271953
-0.000799094
0.003843377
0.010047336
-0.00114866
0.001701971
-0.01096748
-0.007622305
-0.005863959
0.001231479
-0.003157169
-0.004330297
0.004728002
0.003197398
-0.002615546
-0.003768726
-0.001733867
-0.001468452
0.007194927
0.002606211
0.013247729
-0.00304454
-0.003635152
0.005803235
0.005259291
0.000946336
-0.010753432
0.005407967
0.00998493
0.008156894
-0.000857665
-0.006107566
-0.001796142
6.12553E-05
-0.006469692
-0.002650966
-0.005694638
0.000761561
-0.002632376
-0.00081749
-0.002493435
0.004429099
-0.000349966
-0.000280071
-0.005711929
-0.002465387
-0.001529964
-0.002821019
0.002222222
-0.004914217
0.000481996
-0.000347502
-0.004313682
0.001301298
-0.005269748
-0.002174831
-0.002890127
-0.001305128
0.008554546
0.002035041
-0.006092724
0.000774241
-0.002966957
0.00333576
-0.006266643
-0.003971438
-0.006758226
-0.005255219
-0.001663161
-0.001927254
0.002209167
-0.004008556
-0.001549218
0.002577827
-0.002415617
0.000878295
0.003460889
0.005786394
-0.007118247
-0.00238976
0.004175691
-0.003529268
-0.003263017
0.005782439
0.011612882
-0.009967825
0.001314661
-0.000171252
0.01372701
0.018883561
0.009862992
0.010126365
-0.030051324
-0.002170842
-0.005390922
-0.00683549
0.01767597
0.009881926
-0.008973733
0.026640273
0.017609069
-0.00817277
-0.00575427
0.0172161
-0.014140602
-0.008533723
-0.001994629
0.00433163
-0.001037585
-0.002999721
-0.007626822
0.007513083
0.004657745
0.000665624
-0.009242931
-0.005090052
-0.00543781
-0.006106605
0.00021433
-0.000976183
0.000373377
-0.004169148
-0.006347687
0.005152323
0.013876691
0.001236376
-0.000778663
-0.003738921
0.014435042
0.000366061
0.014668213
0.002033378
0.002779692
-0.012561759
-0.002575247
-0.005760806
-0.00290879
0.002925097
-0.008523547
0.000283152
0.004867271
0.009530889
0.001154922
-0.004745978
-0.00584213
-0.001862314
0.001481656
-0.006058756
-0.003985036
0.002601428
0.001892774
-0.004589178
-0.005749081
0.002545177
-0.004069878
-0.001338272
0.009436295
-0.000703279
0.003684931
0.003978665
-0.001365434
-1.57161E-05
-0.006270824
-0.004064591
0.001024265
0.009145495
0.003592033
0.006336004
0.006755284
0.008449289
-0.00469901
0.00237215
0.00936626
0.002352189
-0.008642425
9.19273E-05
-0.007843738
-0.00101138
0.009049809
-0.004074568
-0.001391944
-0.001825141
-0.006843291
-0.002905328
-0.004378482
-0.001330276
-0.000227232
-0.00554885
-0.003656826
-0.007364225
-0.00257389
-0.001254314
-0.001679852
0.009591269
-0.003865141
0.002900144
-0.006164846
-0.002557974
0.003991056
-0.003049243
-0.005372513
0.000772798
-0.005123874
0.003379608
0.001410142
-0.001134571
0.005502074
-0.005616177
-0.004060685
0.002135698
-0.005424736
0.005308226
0.00740358
-0.006034814
-0.005128081
0.000526798
-0.003329229
-0.005364066
-0.002663812
0.003506616
-0.003388225
0.005292132
-0.000961585
0.000244706
0.014083473
-0.004583725
-0.006939564
0.000585728
0.000764252
0.012080591
-0.005338064
-0.001961069
0.009873129
0.005188566
-0.006962035
-0.005591029
-0.003396065
0.000412802
0.002322063
0.001929224
0.002908405
0.000819382
0.000248824
-0.006002391
-0.001340125
0.002101808
0.004372272
-0.001285089
-0.001407375
-0.003624064
-0.002756224
-0.00038094
0.001029741
0.001571372
-0.000695495
3.23711E-05
0.001990758
-0.002592536
-0.007465829
0.000367125
-0.004526215
0.001572945
0.00092429
0.001413757
-0.005181897
-0.009433421
0.002244176
-0.00129722
-0.004732318
-0.00031588
0.004016265
0.001316836
-0.00348213
0.0002822
0.002821202
-0.003706891
-0.001403561
0.00810885
0.002516211
-0.011101145
0.000166431
0.002570929
-0.00458925
-7.50338E-05
0.004127167
0.004193238
-0.002497168
-0.001442367
0.005636679
-0.001510649
-0.003918748
-0.002581277
0.003212063
0.00297782
0.008129543
-0.001394586
-0.004066376
-0.001426981
-0.001098611
0.000430004
-0.005066911
-0.002525588
0.000882862
0.00069901
-0.00477323
0.000626671
-0.00262202
-0.001724701
0.007850044
0.004485275
0.001781128
-0.002563572
-0.006052315
0.000992618
-0.003741542
-0.000418218
0.000711267
0.000735847
-0.003835291
-0.00113237
-0.005643075
0.001021856
-0.001780095
-0.004107436
0.000806205
-0.004324563
0.000221425
0.006973358
-0.00303553
-0.001933727
-0.005005141
0.005918524
-0.007284583
-0.005755826
0.000361284
-0.004041481
0.000379887
-0.003797425
-0.001299511
-0.002212044
0.005581492
0.004746466
0.006195467
-0.007217747
0.002756482
-0.003444721
0.000568921
0.005005384
0.004826156
-0.00106638
0.004833723
-0.003620602
-0.005510347
-0.001037843
0.007083552
-0.00221669
-0.000717752
6.84065E-05
-0.005985157
-0.001144027
-0.002953765
0.004292624
0.003973271
-0.000428306
0.002519518
0.001820777
0.006868835
-0.000305082
0.006111982
-5.05536E-05
-0.005881362
0.006517943
0.007073625
-0.004891672
-0.000756264
-0.006609708
-0.00288665
0.008718981
5.04982E-05
0.00097625
-0.00461585
-0.005414354
-0.004399225
-0.007353067
-0.003806888
0.002320466
0.003012204
-0.006915843
0.005175483
0.008054187
0.005056534
-0.005913445
-0.001365537
0.001435775
0.005965284
-0.007745362
-0.002787182
-0.00397812
0.001885103
0.002130712
-0.004020885
0.003055814
0.00252302
0.005170303
0.000757931
0.001216876
0.006935414
0.008862779
0.002267346
0.017121058
0.015306332
-0.003952793
0.005502309
-0.007320479
-0.004618187
0.001690845
-0.007991454
0.016719961
-0.010502486
0.004592028
0.00332661
0.004823399
0.002476765
0.005585109
-0.006442422
0.005557883
-0.010878098
-0.006997085
0.009126052
0.013076332
-0.002002345
-0.003525123
0.002366418
0.010947854
0.010789715
0.010235968
0.005054499
-0.004003209
0.021165209
-0.001448506
0.01804525
0.036346003
-0.008127155
-0.008063111
-0.023873805
0.006018859
0.002607717
0.025466868
0.007051031
0.005375377
-0.021751578
-0.00976038
-0.016240459
-0.002944203
0.003879443
-0.00790149
0.010846135
-0.007003524
0.001815976
0.011229617
-0.005295846
0.021647611
-0.004625699
-0.008139945
-0.003187806
0.003383931
-0.021799072
-0.006372516
0.005109355
0.03399038
-0.015805462
0.004249672
-0.001440259
-0.004847439
0.010459313
0.002735634
-0.010743095
0.007133008
0.004070396
0.001289876
0.003886726
0.004824931
0.020279787
0.010578491
0.003446787
0.004690432
-0.014735719
-0.005743031
-0.02463845
-0.001513593
-0.002987623
-0.005181271
0.001365127
0.00109654
0.010738762
-0.001193536
0.009589021
0.012329901
-0.008478467
0.00159155
0.0006645
-0.005933219
0.005852454
-0.002577134
-4.34251E-05
0.002316105
0.008484796
0.001761446
-0.000836288
-0.002224813
-0.000960739
-0.017654404
0.001914057
0.001932276
-0.001317235
0.001523013
-0.008971383
0.002848668
-0.004465855
0.00206645
-0.006326002
-0.005760666
-0.010057866
-0.005635304
-0.002082767
-0.006480641
0.002504129
-0.002983783
-0.015184398
0.00138411
0.004316469
0.00010764
-0.009048487
-0.006687355
-0.007169746
-0.005097546
0.002854387
0.002893569
0.005165094
-0.003636876
0.002833773
-0.000743622
0.009118112
-0.007498719
-0.008314041
0.004850425
0.006969735
-1.5589E-05
0.002969741
0.000808238
-0.001584109
-0.005319852
-0.000993033
-0.000320904
0.004822937
0.0112047
-0.002373302
-0.012582163
-0.01205413
0.006737979
-0.006401888
0.003031598
-0.001010109
0.000426571
0.002289865
-0.000803561
0.011802922
-0.002298761
-0.009684852
-0.00070192
0.010520417
0.003514554
-0.003081976
-0.003138345
-0.002928946
0.006581996
0.01363193
0.012825053
-0.001854554
-0.004477476
0.00552258
0.005400965
-0.010229405
0.003868028
0.007355965
-0.008443699
0.006983251
-0.005261684
0.002092974
0.003235435
-0.014777467
-0.001529111
-0.002408767
0.000740575
0.012480247
0.002398282
0.013026075
0.013315939
-0.005031447
0.003413401
0.013414462
0.004117333
0.003241031
0.001793143
-0.001340638
0.000914309
-0.005306847
0.022827489
-0.002102113
0.000828335
-0.005115728
-0.001936331
0.011353103
0.016326937
0.00630562
-0.010462039
-0.000870524
-0.008452842
-0.012479095
0.007147214
-0.005172745
0.003115488
-0.002570327
0.001961346
-0.006136854
0.000280344
-0.015242106
0.001634643
0.002994383
0.005970886
0.007596216
-0.006635995
-0.014168639
-0.000892779
-0.017915476
-0.000850213
-0.005941629
0.003326475
-0.000815764
0.010613596
-0.002905318
-0.011959891
0.002384821
0.011663077
-0.009985534
-0.004623489
-0.004562154
-0.007751879
0.005487763
0.007633356
0.017227371
0.011670044
-0.00186409
-0.015497177
-0.011813279
-0.001452908
0.001424867
0.00025596
0.007977903
-0.019189558
-0.004940734
0.008729382
0.000318546
-0.005330159
-0.000716529
0.002898683
-0.001239789
0.002497887
-0.001587675
0.002396713
-0.003673764
-0.003100693
0.006939031
-0.003627753
0.003625727
-0.000432605
0.001093369
0.006818509
0.01074232
-0.011932445
-0.004986007
-0.000886968
-0.004340139
-0.0056241
-0.003885564
-0.000423155
0.000546486
0.00240784
-0.004266912
-0.017657169
0.000266755
0.005490541
0.000335434
0.006293134
-0.00516111
0.005818845
-0.006892653
0.007307011
-0.005024386
0.001353864
-0.00401725
0.001536925
0.001191821
-0.007305801
-0.004718275
0.011331869
0.001977793
0.003411564
-0.002532547
0.000846326
-0.005531377
-0.000865916
-0.000749549
0.002484744
0.001964162
0.00015558
0.009240031
0.000616528
-0.001309314
0.003416391
0.006056321
-0.003071047
0.003164799
-0.004002719
0.000475508
-0.005212765
0.005109078
0.005642787
0.004734386
0.001411347
0.002341353
0.000521605
0.001276888
-0.003463576
-0.013766157
0.001151676
-0.001587484
-0.002987987
0.001425281
-0.00094627
0.003934977
-0.005791121
-0.002692548
0.000518303
0.002048943
-0.002438272
-0.001407753
-0.0049031
-0.003930909
-0.002969585
0.002233822
-0.000789871
-0.001127043
-0.003040181
0.000715206
0.003534207
0.009500927
0.005992666
0.002265651
0.000330622
-0.00169868
-0.00170927
-0.016736337
-0.000454945
0.001310523
0.000642648
0.0026316
-0.003999531
-0.007435119
-0.000608431
0.000434858
-5.53215E-05
-0.001746677
-0.003459879
0.005458099
0.004290625
-0.002210892
-0.001584961
-0.002606306
0.005598404
0.00637043
-0.005226835
0.002155206
-0.002464523
-0.005641494
-0.000656765
0.002929672
0.003481652
0.001589237
0.003134156
-0.002678026
-0.001947175
-0.001054155
-0.000913515
0.000733057
-0.000677384
-0.00141086
0.007932499
-0.001425227
-0.003834783
0.013005007
-0.002782095
-0.004106856
0.001698032
-0.00154673
-0.003591156
-7.85207E-05
0.003879226
-0.009034802
-0.010861672
-0.005322884
-0.00540753
0.004662531
-0.00124453
-0.000410001
-0.003458287
-0.00054879
-0.00094476
-0.001171963
-0.000267036
0.000534214
-0.00140763
-0.005751875
0.004383678
-0.000559765
-0.006607304
-0.006496
-0.002335757
-0.001351975
-0.003706455
0.001101988
0.007490234
-0.000501113
0.0057698
0.000890741
-0.00183705
0.00795884
-0.005964602
0.002253208
-0.012519549
0.00263134
-0.001842863
0.001071493
0.00247003
-0.007432899
0.001845247
-0.002816459
-0.002816131
-0.004867393
0.010742277
0.002923349
0.000304657
0.006815656
0.000531423
0.006528951
0.00065759
0.001265638
-0.002438945
0.013410444
0.003646885
-0.003098571
0.003556809
0.008405508
0.011501805
0.001987776
-0.001194986
-0.004418135
0.006676249
0.007115716
-0.014766151
0.011000763
0.002131102
-0.003135526
-0.004904938
-0.007010296
0.003577169
0.011227134
-0.000815217
0.041338047
0.000194008
-0.00055953
-0.011510383
-0.004077811
-0.012503412
0.000337851
-0.008811858
0.005567989
0.004058529
-0.011313345
0.012916789
-0.009956574
-0.004742123
0.00652914
-0.006911517
-0.00283828
-0.006605113
-0.008540903
-0.006682555
-0.003818102
0.004184803
-0.003545845
0.000311865
0.009888643
0.001092377
0.004926147
0.001809727
0.002466207
0.006495084
-0.003082576
-0.009088922
-0.001142596
-0.002477142
0.004302266
-0.004165715
-0.004515262
-0.001771402
0.014952334
-0.002273707
0.010765785
0.00075413
0.010891689
-0.000461099
0.010456391
0.000471756
-0.011461296
0.008547535
0.017362118
-0.006200981
0.004262896
0.002336519
-0.002585916
0.009949651
-0.009888834
0.007620336
-0.01242551
-0.007114105
-0.002677397
-0.001380425
-0.000641525
-0.002399621
-0.009950973
0.003450917
-0.01933887
0.003978644
0.001260916
0.007102295
0.006026997
0.004547209
0.010229098
0.002259414
-0.003438408
0.002277332
0.008131132
-0.012716432
-0.000129795
0.003497278
0.00539504
-0.009180631
-0.003047826
-0.000168564
-0.005877755
-0.00700713
-0.008531549
0.002121879
0.010360346
-0.004647602
0.005593841
0.00373166
-0.009413775
0.00198146
-0.000348978
-0.002040294
0.011092973
0.005550985
-0.007034231
0.011334499
0.000357847
0.003988188
0.003790406
-0.000740114
-0.003287634
-0.006437719
-0.006540487
-0.004985673
-0.005056978
0.006425129
0.007093456
-0.003016453
0.000337882
0.003669387
0.001376726
-0.000679778
0.002025436
0.007170044
0.002506797
-0.011679207
-0.005878036
-0.005828214
-0.005313266
-0.000295462
0.005973214
0.001337539
-0.000586805
0.001050688
0.002793749
-0.00159308
-0.001202497
0.000277834
0.004552118
0.002665131
0.001669897
-0.000864146
0.001461899
0.001283982
-0.000763295
-4.58327E-05
-0.004339024
0.003905261
0.004256913
-0.010182416
-0.00135317
0.008214706
0.0055973
0.009249064
-0.00127909
-0.002388181
0.004259175
0.001579137
0.003964143
0.009033667
-0.003868673
-0.009701803
0.004259827
-0.003471209
0.004218998
0.001188616
-0.001665074
-0.011173853
0.008123379
-0.001132911
-0.001637448
0.001053297
0.001984127
-0.006323132
-0.003985597
0.00236455
0.003425046
0.001499465
-0.001572457
-0.004626839
0.001196154
0.005625794
0.000556424
-0.005162852
0.006209444
-0.003370846
-0.001755152
-0.00787057
0.002426298
0.003437156
0.001376202
0.001729215
-0.001530239
-0.000875763
-0.005024936
0.000151889
0.007654049
-0.003790419
-0.001369138
-0.005075027
-0.000578611
-0.003321323
3.05724E-05
-0.002231716
-0.00180775
0.005202858
0.002542159
-0.007454845
-0.001273543
-0.004125089
0.007420435
-0.001156167
0.002567975
-0.002255559
0.00377798
-0.002923977
-0.00145479
0.000268378
0.003526309
0.000779173
0.002755515
-0.00011418
-0.002413289
-0.001053122
-0.007028212
0.000930905
0.000207529
-0.001944225
-0.003072161
0.002826757
-0.002379797
-0.002315994
-0.001864834
0.005907297
-0.00433124
-0.001927349
0.003730302
-0.002263859
-0.002563269
-0.001125768
-0.000310907
0.001212913
-0.000869754
-0.00153894
0.001144307
0.003879977
0.002625709
0.000618014
-0.005087742
0.000876866
0.007218117
0.004418376
-0.001379458
-0.003768054
0.002688441
0.001221536
0.005248498
-0.002557115
-0.006022713
0.001840089
-0.000522578
0.001245617
-0.000337895
0.001144622
-0.002463111
-0.002230735
-0.000824904
0.000524671
0.001203026
-0.000469849
0.001394797
0.000438634
-0.001738381
0.001810757
-0.001269084
-0.000731613
-0.001109784
-0.001705102
0.000494629
0.001035117
0.001257833
-0.002759131
-0.000826938
0.00221215
-0.00098015
0.00334505
0.005389673
0.005965783
0.006942911
-0.002547838
0.00022739
0.005713766
-0.001024745
-0.000218736
-0.001440955
-0.002734965
-0.003090956
-0.003624896
-0.003020295
0.000237154
-0.001858537
0.000206889
0.00216039
0.001139022
0.002787047
0.000418799
-0.002466072
-0.001892278
0.002278096
-0.002639026
0.00053532
0.003561793
-0.003099795
0.000511872
-0.001305752
0.000191149
0.010312431
-0.000136196
0
0.003783751
-0.003173909
-0.003486534
0.004857243
-0.000249241
0.001488264
0.001523769
0.001860388
0.006262452
0.005177515
0.002601437
-0.004158913
0.000930544
-0.003190659
0.006036142
-0.005532688
0.001812229
0.003379686
-0.007396911
0.004051155
-0.00095287
-0.000812202
0.009910958
0.001425164
-0.002838898
0.000931739
-0.002718736
0.004222566
-0.00199913
-0.000184791
0.003238136
-0.006322724
-0.004479283
0.000573604
0.003402424
0.005416515
0.003114322
0.001066765
0.000756963
-0.00440616
-0.000331924
0.002552978
-0.001920897
0.002816839
-0.004757528
0.000716671
0.005175533
-0.000227697
0.000271829
0.001630531
0.000337308
0.005856912
0.003264854
0.009428549
0.002137229
0.010756703
0.001122478
0.001752792
0.013317749
0.006969835
-0.00255481
0.010489024
0.010104628
0.008216955
-0.00239427
-0.009972949
-0.003191169
0.005605859
-0.000129801
0.004434302
0.00286379
-0.003215107
0.001531081
0.001141459
0.000447919
0.005942448
0.007950637
-0.006623447
-0.003657083
-0.011234588
-0.003213148
0.004073962
-0.005730953
0.000583956
0.001215292
0.002756805
0.0020585
-0.000272993
0.003406515
-0.005871427
0.002593759
-0.004177503
-0.000102819
0.006896457
0.010457659
0.009911464
-0.015471862
0.0030156
-0.003128146
0.010003524
-0.006777432
0.008749172
0.011988561
-0.012786319
-0.003767589
0.002516739
-5.36988E-05
0.003369783
0.000735919
0.007848485
0.000497489
-0.00742548
-0.003232874
0.002653657
-0.000474523
0.002066157
-0.002121952
0.008104638
0.006168909
0.01818889
0.000641005
0.008366549
-0.008868241
-0.002926419
0.005772615
-0.004009245
-0.000512086
-0.007990038
-0.017279027
-0.004477205
-0.00198471
0.001185159
0.010245847
0.00321735
0.005839965
0.001443314
-0.009440081
-0.021183022
0.006999858
0.000221419
0.009941505
0.00765174
0.008180296
-0.003975233
0.010187805
-0.00933128
0.004414417
0.005518259
-0.000883272
0.004426763
-0.006335831
0.001921336
-0.004036819
-0.006448539
-0.001195599
0.010990312
0.007975851
-0.011068801
-0.00261054
0.003742843
-0.012862051
0.007924768
0.003846053
-0.006513893
-0.006425207
-0.006678348
0.006490265
0.005343915
0.000736803
0.001354194
0.003886402
-0.001850665
0.003930946
0.00225797
0.001015751
0.00050736
0.006696356
-0.004630437
0.00457412
0.003319706
0.010370332
-0.001548185
-0.006827681
-0.005563944
-0.002390505
-0.001813366
0.001284638
-0.000874766
4.53979E-05
-0.008891108
0.002918313
-0.001317901
0.006637399
0.003030736
0.001688719
0.005554981
0.005928981
0.001628363
0.006215972
-0.006386659
0.00061854
0.003900126
0.004767346
-0.000676013
-0.002010444
-0.003338486
0.000476708
-0.004294681
0.004734317
0.003454626
0.007005708
0.004619126
-0.000800721
0.007650506
0.000236098
0.008547221
0.001952403
-0.000264321
-0.003062015
0.014629333
-0.022733904
0.002220536
0.003767168
0.012526587
-0.001398371
-0.01154507
4.33048E-05
0.009829758
-0.001623367
0.003466768
0.000715417
0.002046952
0.001975694
0.003596706
0.013789507
0.011897214
0.010663766
-0.00652727
0.007100006
-0.0128723
-0.006981991
0.000864722
0.005142139
0.004457828
-0.009005925
0.003192034
0.008465219
-0.011190252
-0.001226344
0.001966943
0.0009399
-0.000552713
-0.002687788
-0.012139569
-0.001750362
0.008918314
0.011074821
0.010313372
0.004083237
-0.009079808
0.002818479
0.00410412
-0.010060256
-0.002880753
-0.002396687
-0.007260856
-0.000377379
-0.00668752
-0.001797758
-0.007759996
0.000237544
0.00991968
-0.000265303
-0.009372512
-0.001771689
0.005733141
0.004360245
0.005929307
-0.00789916
-0.000883328
-0.000847776
0.003315192
-0.006294361
0.010431421
-0.005865755
-0.006342136
0.005791859
0.004916832
0.014599992
0.001888563
-0.006176645
-0.002892794
0.001393766
-6.57085E-05
0.001045431
0.000393865
-0.011262497
-0.003788884
0.001126453
-0.003635682
0.005118242
-0.00033827
0.001764436
0.0004343
-0.004534054
0.005021078
0.007002826
-0.002022801
0.013714567
0.006625494
-2.35067E-05
0.003467325
0.016644217
0.001059957
-0.012930439
-0.000985256
-0.00210084
-0.005035088
0.005260405
0.004753441
0.000616828
0.004693143
-0.000289419
-0.003734584
0.007747072
-0.005253809
0.006041035
-0.000420679
0.005505719
0.012367339
0.015376512
0.000117133
-0.001031767
-0.003455803
0.003478992
0.016675878
0.001202583
-0.002084167
0.022715406
-0.005352537
-0.004343974
0.005817235
-0.003436704
-0.001001543
-0.008800737
-0.005308738
0.016308022
-0.001974019
-0.014338588
0.010209411
0.01747502
0.00459459
0.001442886
0.019485456
-0.007102851
-0.01008971
-0.001713792
-0.022604545
-0.013355447
0.007291707
-0.012004684
0.00764255
0.005193792
-0.006632293
0.000143109
-0.003775329
-0.008772511
-0.004854207
0.002296134
-0.006973197
-0.001108467
0.00855086
-0.008495119
0.006072453
-0.008952917
0.003892611
0.008829935
0.000267767
-0.029413077
-0.005970098
0.002115668
0.011029009
-0.00378267
-0.003407594
-0.008654426
-0.000805755
0.005615826
0.00661136
0.015863919
0.000191817
0.009273152
-0.008601129
-0.005293391
-0.004154104
-0.004660851
-0.005831904
0.010288705
-0.006096693
-0.010154755
0.001463909
0.006494182
0.000901253
0.008643087
-0.008915879
-0.001749877
-0.010736064
-0.002079884
0.002980782
0.01715241
0.012120935
0.002864263
0.007522517
0.010206245
-0.004573752
-0.003640299
0.002038441
0.009154323
0.001283308
0.007821997
0.002969157
0.009272914
-0.008837247
0.003361875
0.001355425
-0.000942099
0.000281812
-0.000243807
0.001354815
-0.003566461
0.006414365
0.004306553
0.000999479
-0.002115061
-0.004421994
-0.019322732
0.006892904
0.012607939
0.015504253
0.010105633
-0.006016416
0.006869064
-0.007585488
-0.010438823
-0.000616427
-0.006001802
-0.011428571
0.030069812
0.01360245
-0.011344448
-0.018840587
-0.004872002
-0.008426936
0.004194658
0.020004569
0.003332693
0.002370311
-0.013870111
-0.007494986
-0.008618775
0.005087265
-0.0047625
0.010155085
-0.000221717
0.004543512
5.38448E-05
0.001577567
0.000360172
0.007953184
0.002905597
0.002594172
0.001998918
-0.006042999
0.003550951
0.002450876
0.000799086
-0.002670305
0.000418849
-0.015766518
-0.010090676
-0.001974522
-0.004365622
-0.001220727
-0.011465841
-0.002738921
0.015172153
-0.009671519
0.01018625
0.001910507
0.000978019
0.009656008
-0.002762595
-0.008836604
0.016096921
0.011734752
0.003500875
-0.000466569
-0.010258695
-0.005402248
-0.011084109
0.000899065
0.009461644
0.016308305
0.01164759
0.004584413
0.003942147
0.001243011
0.018611633
0.008531492
0.00315518
-0.012243314
0.006358278
0.00563356
-0.016528676
-0.000215336
-0.004697388
-0.00159723
-0.002915738
-0.005553514
0.00216511
-0.000628395
0.0029153
-0.021803787
0.003946267
0.000480133
0.004097626
-0.001854001
-0.006961472
-0.010581646
-0.004455727
0.00027435
0.002882573
-0.004413318
-0.002752373
0.00722669
0.010499504
-0.006044268
0.008451501
0.012806599
0.003700877
-0.006364119
-0.024110026
-0.005923992
0.076509139
0.02791468
0.027825518
-0.008465116
-0.025099531
-0.002978033
-0.00485992
0.011367126
0.004956095
0.008264906
0.000724984
-0.002781923
-0.004620414
0.003425441
-0.005188508
0.01137189
-0.006453385
-0.001076891
-0.010022969
-0.004395108
0.005887657
-0.004197647
-0.003630014
-0.001683394
0.018528775
-0.008219524
-0.000890934
0.000989721
0.003039648
0.01101888
-0.004382684
0.00084355
0.00294025
0.001265383
-0.003251107
-0.002158343
0.005475426
0.0057736
0.025316516
-0.000645466
-0.002419721
0.000351875
0.01383085
0.0134525
-0.00854498
-0.004023867
0.001446864
-0.004177379
0.01286746
0.002425474
-0.009322328
-0.011474549
-0.00382263
-0.001183947
-0.006629529
-0.008546202
-0.012482637
0.001541515
-0.000750332
-0.009602796
-0.011265716
0.014407267
-0.006667636
-0.004053777
-0.003075974
-0.001252856
0.001116686
-0.0012432
0.000349317
0.005906799
-0.002283328
0.002107234
-0.026221459
-0.010626384
0.006720437
-6.55457E-05
0.008244169
-0.004751021
0.001839131
-0.016180727
-0.003104814
-0.001677423
0.004082783
0.010035356
-0.00856173
-0.002425119
0.003779309
-0.010430288
-0.014206167
-0.002920774
-0.000523095
-0.001219448
-0.005030471
-0.007104599
0.000705466
0.001017698
-0.004029589
-0.005385662
0.004682514
-0.003378468
0.005413197
-0.006063695
0.002692423
-0.00605234
0.001945755
0.003867903
-0.000628844
-0.010377117
-0.003874298
0.018992443
-0.000992706
0.001200933
-0.01004177
0.014497027
0.010009248
-0.002349322
-0.005643258
-0.00982626
0.001598031
0.010572725
0.000620991
0.005401368
0.001046222
-0.009285968
-0.002890494
-0.007643925
-0.004765611
-0.002769148
0.003104472
0.011442432
-0.010794185
-0.001209468
-0.002587967
-0.002476497
-0.008099564
0.003605071
0.001471471
0.00822165
0.001425181
-0.005178991
0.001414427
-0.012808533
-0.005750222
-0.002648253
-0.001821394
-3.8473E-05
-0.000753
-0.005924027
-0.007646977
0.010097969
-0.010118463
0.001104165
0.009180087
0.002224467
-0.001652255
-0.007557787
-0.006253474
0.006080268
-0.004942678
0.00729719
0.001924794
0.007961202
-0.000153792
0.008349997
-0.001792369
-0.010003984
-0.009057631
-0.001496515
-0.009884
-0.001609382
-0.01019603
0.001269838
-0.003992357
-0.001124853
0.001846379
0.002042679
0.007260076
0.003386228
0.00038875
-0.00380151
0.003103694
0.006825035
-0.003011542
0.003301368
0.000207056
0.000363671
0.004714818
-0.002677562
0.002852199
-0.003328306
-0.003367342
-0.004006276
0.004095525
-0.007412471
0.000925717
0.007105637
-0.011663979
-0.000243625
0.003711931
-0.000767871
-0.004362149
0.010465083
0.003993283
-0.005633251
0.002205307
-0.001594207
0.004621587
-0.001807671
-0.001255887
-0.006573629
0.002068206
-0.005007585
0.007747545
0.000146223
-0.003137722
-0.002374801
0.004257677
0.0001858
-0.003568956
0.008677525
-0.005925677
0.007572386
0.006162243
0.007597272
0.003745174
-0.002137609
0.004113663
-0.001228494
0.000927995
0.004268112
0.013449142
0.006058581
-0.001709118
0.004577973
0.002409445
0.007338873
0.009232413
-0.003334155
-0.006564379
-0.003287993
0.009731843
0.002151726
0.007979463
-0.006452823
0.000995964
0.002691663
0.003728966
-0.003694299
-0.00123774
0.003184464
-0.005400052
0.002803778
-0.003297639
0.000954289
-0.001959141
0.006056916
-0.001805092
0.004881516
-0.005429921
-0.007844204
-0.007811347
-0.004472966
-0.007251868
-0.003558355
-0.000965589
0.00349892
-0.003540528
0.005610454
0.000912855
0.000112662
0.002885956
0.010371313
0.002212846
0.000686686
0.00155718
0.008701381
-0.000987507
0.000455016
-0.005227692
0.008534387
0.001969642
0.008689954
0.009723554
0.007020751
0.003265339
-0.002592651
-0.003673602
-0.008798295
-0.00606468
-0.006659199
0.001611001
-0.002148005
0.003858093
-0.003418538
0.005342896
-0.015442039
-0.012250192
0.001323672
-0.009619775
-0.001013133
-0.002940529
0.00702319
0.004606719
-0.014905841
-0.002149283
-0.000584479
0.008252469
0.004221358
-0.004882823
-0.011098034
0.006760723
0.009506176
-0.002764573
0.012456298
-0.001016868
-0.010179034
-0.002324548
-0.001309933
-0.004655288
-0.001955076
0.003046586
0.006657315
-0.000407301
0.000300239
-0.00490422
0.004292816
0.007755181
0.002283105
0.001481434
0.001585282
-0.000375842
-0.008430507
0.003610224
-0.00411873
-0.007138735
0.00208275
-0.003195506
0.001346954
0.006289883
0.001031959
0.002125887
-0.008597439
-0.004962339
0.001545294
-0.011307481
0.000965799
-0.004012102
0.001412082
-0.005044626
0.001098635
-0.006381554
0.00997896
-0.000738157
0.000705871
-0.004724358
-0.003653485
-0.002663314
-0.002631724
-0.003364857
0.003036927
0.013785608
0.0185484
0.012985339
-0.002592404
0.012708689
-0.009898704
-0.009525879
0.005517884
0.016313778
0.001466406
0.00415222
0.011535437
0.007974999
-0.002012453
-0.012273079
0.002849903
0.008654586
0.01352362
-0.003841216
-0.000309497
0.011602117
-0.001329527
-0.007666261
0.000673322
-0.003101269
-0.007307864
0.001569465
0.008085139
-0.000896207
0.012350371
-0.005491617
0.006402835
0.019651485
-0.003600457
0.007241704
0.003328446
-0.002723097
0.006047225
0.001451738
0.003364702
0.001000227
-0.00092682
-0.006943102
-0.007755521
-0.001216062
-0.011905405
-0.001768821
-0.010721325
0.00905139
-0.009573529
-0.00866422
0.023061063
-0.027197411
-0.008623593
-0.009115522
-0.009318851
0.004425359
-0.005241096
-0.004864635
-0.00733526
0.003256464
-0.002615777
0.00213952
0.001785308
0.00893707
-0.000503171
0.000351348
-0.011821075
-0.004227982
-0.007857908
-0.003860734
-0.000549821
0.005630673
-0.002992647
0.002420669
-0.003348556
-0.001572217
-0.004325012
-0.000482043
0.010669658
0.014808778
0.013356369
-0.009530712
0.012454401
-0.011640905
0.0027091
-0.001626315
-0.007992433
-0.003220612
0.00263583
-0.001764968
-0.008718322
0.014231616
0.006891853
0.003141735
0.00279204
0.001798824
0.0076612
0.004256
-0.004561983
-0.005952073
0.003092612
-0.001601128
-0.011257006
-0.009112335
-0.000455569
-0.001536921
-0.003742058
-0.000117212
0.00332495
0.001290521
-0.000121991
0.007182414
-0.004655817
-0.00458235
-0.004725707
-0.003738697
0.00521093
0.00272529
0.017626347
-0.009846964
-0.001108507
0.004047898
0.006226316
-0.005052751
-0.005336011
-0.005845604
-0.002142523
0.001699584
0.015988341
0.006098902
0.007732214
0.002581724
0.002338169
-0.001233153
0.002093804
0.016592228
0.011291675
0.014576197
-0.009095518
-0.008409121
-0.005144363
-0.001832747
0.01106207
0.015845299
-0.002136395
0.00974018
-0.00574679
-0.002980699
-0.008954079
0.012766063
-0.010287915
0.004756884
0.004685098
0.006712923
-0.00159276
-0.0042395
-0.009264703
0.006122136
-0.005450837
0.013724017
0.002676443
-0.004701661
-0.010239125
0.004994842
-0.003594914
-0.001592004
0.003806167
-0.010873574
0.000750773
-0.004888785
-0.006046142
0.00096945
-0.004024589
0.001763464
-0.010029021
-0.001336185
-0.000274717
-0.003226266
0.000995518
-0.005972265
-0.008691548
0.001402633
-0.005287396
-0.003855427
-0.002493297
-0.006128553
0.002067725
-0.00288254
0.003801841
0.001122594
0.005543795
-0.003152651
-0.002749651
-0.004780601
-0.003049632
0.005816779
-0.002148324
0.008690754
-0.006444947
0.003729227
-0.001433819
0.001226261
-0.001350375
0.000487421
0.008544053
0.000353203
0.007746947
-0.00265349
0.000289303
-0.00540736
-0.004154161
0.000297219
0.004258868
-0.006529909
-0.001091988
0.002327588
0.0029797
0.002112372
0.001926202
0.000316098
-0.002289693
0.005768522
0.007831375
-0.001654501
-0.003381186
-0.00614694
0.001403789
-0.000450031
-0.00547008
-0.01130214
-0.004768321
-0.002136458
0.014176391
-0.006364667
0.004407024
0.011581819
0.003064166
-7.2242E-05
-0.008308434
0.000572413
-0.002465168
-0.000401449
-0.004814112
-0.005786012
-0.002488126
-0.004592319
0.000382247
-0.003783858
0.004101876
0.005448594
-0.005466557
-0.000641978
0.006471684
0.002468641
0.004714648
-0.00800243
0.003727285
-0.000110457
0.004813282
-0.005245689
-0.001215713
0.003783308
0.001774288
0.009358772
-0.006484169
0.002894855
-0.002610354
-0.000997769
-0.002750528
0.003901211
-0.00285186
-0.003137637
-0.002911055
0.001934073
0.002819242
-0.000718564
0.005936353
0.003876818
-0.00889836
0.030118049
0.006022624
-0.008106918
-0.003004995
0.008525315
-0.002821132
-0.022836441
-0.004259529
0.000841953
0.001368983
-0.000824441
0.002282139
-0.004757091
0.003884593
-0.010164117
0.004515184
0.006147036
0.002283236
-0.004311623
0.001269314
0.002097191
-0.006908328
-0.000345984
-0.001006849
-0.002913355
0.002627049
-0.006983607
0.004901753
0.012534005
-0.006225802
-0.004811036
-0.002648352
0.005152711
-0.002872403
-0.000657089
7.89025E-05
0.002819228
0.003440698
-0.002200559
-0.001419636
0.000398693
0.001054017
-0.000801467
-0.004288403
0.008940183
0.007770304
0.013541084
0.00286107
0.003372544
-0.009316944
-0.004279462
0.007823639
-0.005990715
0.005821302
0.003075147
-0.00354442
0.012694908
-0.003184408
-0.003665414
0.003399425
0.004734968
0.003447546
0.004259466
0.001900627
0.003364717
-0.001452823
0.002775342
-0.006032208
-0.011162823
-0.004913906
-0.006152392
-0.001150172
-0.000225181
0.000634745
-0.006205302
-0.003088565
0.003082643
-0.003778402
0.002340747
0.002562107
-9.76974E-05
0.000658236
0.006105238
0.003003448
0.002266211
0.002728548
0.002265069
0.000975773
-0.003116398
-0.01070589
0.001367443
0.001626415
-0.000771038
-0.004726888
-0.007942946
-0.002924173
-0.000685173
-0.001999792
-0.002774091
-0.000574107
-0.000365551
-0.00194335
0.00108872
-0.001986845
-0.000303859
-0.00145163
0.003274851
0.00248997
0.001591501
-0.004636672
0.002444284
0.00313275
-0.00089525
-0.003261215
-0.001353703
0.000115142
0.005693652
0.012306299
-0.001619179
-0.011146694
0.008455559
0.005746385
-0.003398357
-0.000777797
0.002479548
0.003686982
0.002162051
0.002586819
-0.003880416
0.001868422
-0.000199267
-0.004962234
-0.005233505
-0.002276858
-0.004890115
0.000312009
-0.002999553
-0.006934849
-0.00395369
-0.002830756
0.001992969
0.000517036
-0.002673487
0.001332396
0.001362304
-0.001044067
-0.005241627
0.001459258
-0.000450386
0.000927683
-0.000762643
-0.002135971
0.003091305
-0.004617372
0.002516225
-0.003825888
0.002572817
-0.000504742
-0.000228578
-0.000781595
-0.002884053
-0.003538113
0.001510242
-0.000663077
0.006073319
0.001568999
0.005809477
-0.007312296
-0.005079193
0.004201703
0.00654235
-0.012084704
-0.00295508
0.002147709
0.005989981
-0.000585845
-0.004865363
-0.002313377
0.000805118
-0.004000901
1.6154E-05
0.001276149
-0.000225865
0.011198967
0.006096004
0.010886231
-0.001668436
0.003703937
0.012464441
0.019523336
-0.003918892
-0.021057441
0.012953946
0.014129572
0.017809637
0.047087882
-0.004026203
0.008860164
0.044255881
-0.010066902
0.051462004
0.036582774
0.007782166
0.001017155
0.040101529
0.001606973
-0.032792563
-0.049302731
0.017976361
0.032880802
-0.032966445
0.042883239
-0.01564197
0.024269247
-0.000174133
-0.026355333
0.002233889
-0.014519041
-0.007505465
0.023382631
0.003910348
-0.012746904
0.004455843
0.017373593
0.006694016
0.00141124
0.009556106
-0.000366075
-0.018551905
-0.015909333
-0.002995808
0.018927379
-0.022431217
0.019295721
-0.009792461
-0.015621687
0.007972805
0.007515931
0.00676128
0.00245753
-0.012887915
-0.01480925
-3.81304E-05
-0.012969075
-0.014431538
-0.00728223
-0.010082131
-0.01195763
0.003144457
-0.007123278
-0.001179968
-0.007259512
-0.015174776
-0.003615786
0.010854321
-0.011681045
0.003312685
0.00323248
0.009104634
0.022907449
-0.004035638
0.009348682
-0.014491982
0.002768175
0.014835064
0.000937688
-0.008338489
-0.001261068
0.011297015
0.005739824
0.007685458
0.007008685
-0.001867502
-0.012191794
-0.012508879
-0.004786325
-0.005973758
0.015282216
0.008894272
-0.0056085
-0.007063385
-0.003146329
0.006855627
-0.011168442
-0.002749869
0.008362029
0.006140589
-0.011848257
-0.004861425
0.005019999
0.000961422
-0.015935347
-0.002996255
0.0013296
0.008276226
0.001285364
0.01859359
0.007539577
-0.016577059
-0.001856579
0.005544328
-0.000186756
-0.006048477
-0.000147658
-0.003709886
-0.010398512
0.001166522
0.004375028
-0.004550071
0.005591152
-0.006304113
-0.002368829
-0.000532205
-0.002371167
0.008968896
-0.01160204
0.001271718
-0.006556104
0.004359723
-0.009203592
-0.001238545
-0.001054994
0.005794698
-0.00811005
-0.012090427
0.002053832
-0.011641105
-0.000170836
-0.003996355
-0.000729092
0.025527308
0.002938851
0.024179116
0.012589578
0.003236796
0.000762025
-0.004341573
-0.009660194
-0.008471897
-0.011554823
-0.014122797
0.002556553
0.001971964
-0.002847439
-0.011646245
0.001704261
0.007041092
-0.003177693
0.00391553
-0.009666467
-0.001997497
-0.002081934
-0.001242283
-0.001614128
-0.005206847
0.00293014
-0.004861356
0.013649556
0.010026081
-0.005903541
-0.004484537
-0.005719553
-0.01299294
-0.006801148
-0.012609117
0.002053045
0.008597281
-0.002279222
-0.002289299
-0.007913764
-0.004054879
-0.002618732
-0.003398429
-0.000795339
-0.00216405
-0.000558389
9.9768E-06
0.001546389
